Instrument,Labor & Related Expenses - Total,Date
5082109319,999631.567297793,2019
5082109319,1208782.36069225,2020
5082110833,926019.06128473,2020
5082151381,727616.007665562,2018
5082151381,697933.054713122,2019
5082355554,709460.609651033,2009
5082355554,844363.290354818,2010
5082355554,775275.406337441,2011
5082355554,1003994.26951281,2012
5082355554,841452.592685304,2013
5082355554,824337.028299556,2014
5082355554,668622.333262029,2015
5082355554,730087.687718052,2016
5082355554,875732.312360122,2017
5082355554,906294.869506763,2018
5082355554,1103953.21314789,2019
5082355554,1458185.5778071,2020
5082355883,592287.958757152,2020
5082355883,598080.964401055,2021
5082359765,2950036.46972947,2020
5082360845,534432.190801634,2020
5082360849,0.0,2017
5082360849,44769.1724201825,2018
5082360849,61216.5871528324,2019
5082360849,61328.7652487018,2020
5082360857,470245.678129645,2019
5082360857,712512.256003009,2020
5082361147,1563271.83242507,2020
5082467162,486202.310343923,2020
5082535415,4659906.05868443,2009
5082535415,4794679.30539972,2010
5082535415,4754158.78237794,2011
5082535505,128195.071043949,2013
5082535505,276579.103326946,2014
5082535505,641858.078879994,2015
5082535505,532319.157881826,2016
5082535505,786758.95270964,2017
5082535505,1122212.84003535,2018
5082535505,564667.748688375,2019
5082535505,473990.772588364,2020
5082535661,611446.003688475,2008
5082535661,541527.186863801,2009
5082535661,513712.604205018,2010
5082535661,646132.177217743,2011
5082535661,842546.081073259,2012
5082535661,976123.628722287,2013
5082535661,1129522.10079515,2014
5082535661,1238599.88517224,2015
5082535661,1262109.93629157,2016
5082535661,1280292.89661916,2017
5082535661,1429471.11409582,2018
5082535661,1505871.85046928,2019
5082535661,1562018.51463058,2020
5082535661,1633078.58093816,2021
5083253506,1239856.41699494,2014
5083253506,1193033.0019055,2015
5083253506,1259405.79525683,2016
5083253506,1375161.39327735,2017
5083253506,1430282.9053487,2018
5083253506,1365419.00671604,2019
5083253506,1113687.44831001,2020
5083255085,1959936.55231885,2009
5083255085,1353115.86300151,2010
5083255085,593276.938145337,2011
5083255085,224655.779722837,2012
5083255085,110647.848632259,2013
5083255085,336620.499622578,2014
5083255085,347282.937444704,2015
5083255085,428979.45348315,2016
5083255085,700507.452691546,2017
5083255085,738350.660074496,2018
5083255085,649275.254811922,2019
5083255085,662234.519336104,2020
5083256099,810385.133398569,2008
5083256099,832220.937194382,2009
5083256099,880073.638629441,2010
5083256099,802293.840102419,2011
5083256099,763263.537472227,2012
5083256099,652374.187602229,2013
5083256099,772660.318067947,2014
5083256099,783715.755271973,2015
5083256099,881979.693722941,2016
5083256099,1033925.55637762,2017
5083256099,1152286.29115601,2018
5083256099,1105305.11705751,2019
5083256099,917517.64478581,2020
5083256907,832210.741645168,2014
5083256907,969290.08846791,2015
5083256940,1057533.73261736,2020
5083257071,1138858.32070563,2014
5083257071,1156623.9956622,2015
5083257071,1188345.65890824,2016
5083257071,1990698.68108359,2017
5083257071,1546283.37280687,2018
5083257071,1581796.56970934,2019
5083257071,1664686.54253881,2020
5083257071,1537835.73210258,2021
5083257200,670446.649978702,2019
5083257200,567684.672696686,2020
5083257687,569206.597658446,2016
5083257687,516628.382935239,2017
5083257687,177971.294766371,2018
5083257687,188287.770315608,2019
5083260810,1723917.64058555,2020
5083260874,1206412.47152141,2019
5083260874,751640.89440935,2020
5083262792,148758.389029007,2017
5083262792,162891.961304264,2018
5083264100,1295013.2162476,2020
5083264964,516440.175063588,2013
5083264964,615295.566187791,2014
5083264964,750154.137406604,2016
5083264964,922261.57521034,2017
5083264964,1237730.62750392,2018
5083264964,1344380.65420077,2019
5083264964,1262979.14712292,2020
5083265385,2127384.39244386,2008
5083265385,1657734.2623099,2009
5083265385,2067971.40239625,2010
5083265385,2741546.28777752,2011
5083265385,2532782.75574904,2012
5083265385,3057677.60047748,2013
5083265385,3321472.77449149,2014
5083265385,3249044.41701865,2015
5083265385,3014851.77279693,2016
5083265385,3453792.43324587,2017
5083265385,6182437.68903221,2018
5083265385,3233125.59542503,2019
5083265385,3173117.34958658,2020
5083265453,585126.367065687,2019
5083265453,608747.442389581,2020
5083278570,390996.547993109,2015
5083278570,556776.799323472,2016
5083278570,745758.115519753,2017
5083278570,794636.818504162,2018
5083278570,981159.870401989,2019
5083278570,984325.224822107,2020
5083279147,1282098.96831895,2008
5083279147,1342479.65332855,2009
5083279147,1702959.43155307,2010
5083279147,2483774.64504693,2012
5083279147,3436378.97142109,2013
5083279147,3867695.22111531,2014
5083279147,3319290.82670869,2015
5083279147,3158491.31692462,2016
5083279147,3586091.36078113,2017
5083279147,4319388.40463987,2018
5083279147,4544123.74031822,2019
5083279147,3908639.28645029,2020
5083279464,239446.218269687,2013
5083279464,507785.170186646,2014
5083279464,1969854.16131828,2015
5083279464,793988.365952347,2016
5083279464,1250922.81514376,2017
5083279464,1135292.90988414,2018
5083279464,1043088.51949082,2019
5083279464,1306157.38567522,2020
5083279993,800928.150753519,2019
5083279993,832766.383440452,2020
5083281279,235456.332429714,2012
5083281279,402887.075194636,2013
5083285575,874232.727232131,2020
5083287987,318109.176939853,2019
5083287987,331796.422531657,2020
5083290123,1467046.48528098,2016
5083290123,1783954.68055663,2017
5083290123,1983821.64541635,2018
5083290123,3782687.50386489,2019
5083290123,2809559.09782312,2020
5083293263,529501.78994268,2019
5083293263,474147.836253384,2020
5083294323,3004917.25894456,2017
5083294323,2765000.37827408,2018
5083294323,5213152.81266124,2019
5083294323,4297658.28761764,2020
5083294613,683748.603424258,2012
5083294613,1711104.95978134,2013
5083297223,620579.739867542,2019
5083297223,603500.067899717,2020
5083304359,7320524.91773896,2019
5083304359,13756181.7211404,2020
5083305055,613271.974460107,2018
5083305055,573947.875957853,2019
5083305055,617729.315918541,2020
5083306846,3325430.0770408,2017
5083306846,4163399.4739601,2018
5083306846,4273557.71339513,2019
5083306846,3767642.95021559,2020
5083307216,1676628.91723698,2017
5083307216,2447364.95230418,2018
5083307216,2531011.05257651,2019
5083307216,2566090.65585361,2020
5083308723,905129.18854724,2018
5083308723,769514.634883493,2019
5083308723,755253.888613785,2020
5083309159,270127.313376439,2018
5083309159,225530.136106791,2019
5083309159,190668.371643576,2020
5083309624,7524960.3851897,2020
5083310900,243259.191726847,2008
5083310900,138786.865803483,2009
5083310900,155467.384177477,2010
5083310900,227964.915201369,2011
5083310900,719285.573943092,2012
5083310900,1625319.38878581,2013
5083310900,6172849.87186549,2014
5083310900,5971677.32421036,2015
5083310900,5658503.91467108,2016
5083310900,5353519.12706065,2017
5083310900,5012856.52813991,2018
5083310900,6753395.62352684,2019
5083310900,12266023.5572385,2020
5083311060,493370.163321006,2020
5083311208,5706206.53267412,2019
5083311208,1212877.58905916,2020
5083311272,1377578.87365434,2018
5083311272,1803971.17238348,2019
5083311272,2061222.99779575,2020
5083311536,254470.186679189,2017
5083311536,427182.155933376,2018
5083311536,434450.467036591,2019
5083311536,377909.970480222,2020
5083312354,1757949.27179917,2019
5083312361,1952692.59792958,2018
5083312361,2195774.85592864,2019
5083312361,2512369.63512908,2020
5083312389,2492603.45539844,2017
5083312389,4732242.7879843,2018
5083312389,4539118.88446793,2019
5083312389,4009118.18368941,2020
5083312425,1495471.48233817,2020
5083312441,1582925.48498451,2016
5083312441,2855345.2803416,2017
5083312441,2001209.818841,2018
5083312441,2044034.90767431,2019
5083312441,1407372.65259518,2020
5083312557,23108739.2452427,2019
5083312557,1172173.20089043,2020
5083312589,499066.727601505,2017
5083312589,566698.311057894,2018
5083312589,502429.220070114,2019
5083312589,559289.919913311,2020
5083312894,95861.2946403216,2016
5083312894,175568.993850127,2017
5083312894,47729.0033928706,2018
5083313055,214487.975758374,2015
5083313055,755948.922184161,2016
5083313055,735343.233568365,2017
5083313055,587126.855791622,2018
5083313055,612216.878729391,2019
5083313055,523030.790473826,2020
5083313219,355867.576785448,2017
5083313219,404660.738145336,2018
5083313224,129484.697345931,2018
5083313224,685723.721691614,2019
5083313246,391004.880326432,2019
5083313246,412014.715019854,2020
5083313340,660685.763993924,2019
5083313340,3541284.96457029,2020
5083313363,1595680.60644712,2008
5083313363,1446946.26511645,2009
5083313363,409304.698236238,2018
5083313363,552512.00218299,2019
5083313363,535659.349617927,2020
5083313457,1221757.61516046,2016
5083313457,1472274.87481911,2017
5083313457,2390610.62837239,2018
5083313457,2909574.67976292,2019
5083313457,2086536.27284917,2020
5083313724,1130363.34576111,2008
5083313724,1073746.21682748,2009
5083313724,1615304.14868181,2010
5083313724,1448186.29565298,2011
5083313724,1268142.01422439,2012
5083313724,849892.234907022,2013
5083313724,808142.574436566,2014
5083313724,709614.135713662,2015
5083313724,738156.715351192,2016
5083313724,749357.09784451,2017
5083313724,805604.420741498,2018
5083313724,622574.744692171,2019
5083313724,266120.930204413,2020
5083338529,1337032.50659556,2015
5083338529,1843796.83522077,2016
5083338529,1530709.13450732,2017
5083338529,1584517.46752528,2018
5083338529,1825600.79120416,2019
5083338529,1991258.3796667,2020
5083340104,1954500.70436026,2014
5083340104,2859379.38361103,2015
5083340104,2639575.92296085,2016
5083340104,2448055.83519135,2017
5083340104,2598970.81723708,2018
5083340104,2334479.50780675,2019
5083340104,2387783.41085673,2020
5083340391,3820610.88014432,2019
5083340391,3561081.358858,2020
5083341591,876479.428878804,2008
5083341591,754737.538374623,2009
5083341591,805722.940321901,2010
5083341591,942617.951761945,2011
5083341591,978232.989459736,2012
5083341591,1082031.50322232,2013
5083341591,1070901.68921289,2014
5083341591,1004665.77984149,2015
5083341591,1075770.45016428,2016
5083341591,1207712.18157916,2017
5083341591,1286675.548104,2018
5083341591,1384841.40460164,2019
5083341591,1299504.10234859,2020
5083341643,429674.450882384,2020
5083375788,240121.365196914,2019
5083375788,746041.211118347,2020
5083375827,576376.427378193,2019
5083375827,981290.657697918,2020
5083375850,1889702.78988959,2019
5083375850,1728603.46185986,2020
5083375890,707690.624320434,2020
5083375893,676677.549693623,2020
5083375898,10838384.1746752,2019
5083375898,9683657.56294155,2020
5083376088,423100.142771443,2018
5083376088,465155.411036498,2019
5083376156,109961.315642127,2019
5083376156,676067.204938252,2020
5083376176,3551137.53596775,2019
5083376176,6182798.82933009,2020
5083376267,3096113.57842725,2020
5083376285,767204.674356113,2017
5083376285,844413.838493831,2018
5083376285,802684.173703993,2019
5083376285,898883.013959641,2020
5083376370,172572.227617883,2018
5083376370,888356.203189761,2019
5083376370,681629.870180129,2020
5083376674,1599651.25545068,2020
5083376702,283485.220450398,2018
5083376702,168502.074787435,2019
5083376702,233691.020764832,2020
5083376819,702030.667279007,2020
5083376961,1090431.24504264,2019
5083376961,1107069.97545145,2020
5083377029,527402.311178627,2020
5083377050,1359889.06252887,2018
5083377050,1789902.85431299,2019
5083377050,2221915.36321633,2020
5083377062,110372.611571272,2019
5083377062,158233.06375619,2020
5083426702,794417.565234009,2009
5083426702,1067532.08005904,2010
5083426702,1849120.33499839,2011
5083426702,2170334.99438137,2012
5083426702,2035275.62336258,2013
5083426702,1925469.61127611,2014
5083426702,2341501.74542722,2015
5083426702,1669440.40874652,2016
5083426702,833385.273550459,2017
5083426702,817237.624596386,2018
5083426702,701219.92096545,2020
5083427995,90289.8234053828,2016
5083427995,300426.272273084,2017
5083427995,266366.30770788,2018
5083427995,239984.790378786,2019
5083427995,221532.894268472,2020
5083429325,233557.931744584,2016
5083429325,544271.942689673,2017
5083429325,375433.877814554,2018
5083429325,279556.449505185,2019
5083429325,326821.605540383,2020
5083429560,1024458.36623714,2008
5083429560,954788.819838221,2009
5083429560,1135210.48793449,2010
5083429560,1231066.15731082,2011
5083429560,1117995.23224193,2012
5083429560,1307374.39785557,2013
5083429560,1266194.77175429,2014
5083429560,1485035.96374132,2015
5083429560,1745062.80876555,2016
5083429560,1894887.81649853,2017
5083429560,1897053.32832904,2018
5083429560,1452882.31723777,2019
5083430332,641042.832952653,2019
5083430332,611452.791666584,2020
5083564906,151787.136978592,2012
5083564906,307900.582740545,2013
5083564906,431442.550998546,2014
5083564906,643439.453682784,2015
5083564906,989571.622079895,2016
5083564906,1201588.61348018,2017
5083564906,1689261.55269728,2018
5083564906,1909015.1106507,2019
5083564906,2299414.29526025,2020
5083565139,3884085.66338496,2010
5083565139,4657146.02994423,2011
5083565139,4557243.95129627,2012
5083565139,6346922.78891331,2013
5083565139,8272885.60593123,2014
5083565139,9975031.13139547,2015
5083565139,12311648.9830787,2016
5083565139,14918739.1424053,2017
5083565139,16386135.4567946,2018
5083565139,18397417.1355668,2019
5083565139,21284112.0924949,2020
5083565380,1752634.5759426,2019
5083565380,1720979.05577428,2020
5083565513,468641.085546037,2019
5083565513,1036946.90349551,2020
5083567160,2450410.07231024,2012
5083567160,2581365.99952247,2013
5083567160,2422917.53498901,2014
5083567160,2441389.95276487,2015
5083567160,2494446.99012427,2016
5083567160,2625872.13904573,2017
5083567160,3119308.5444191,2018
5083567160,3465545.81666106,2019
5083567160,3491277.8262673,2020
5083569818,2858088.39712892,2019
5083569818,3245818.47207438,2020
5083570275,1888430.04965834,2015
5083570275,1971937.83157597,2016
5083572176,1147035.00301073,2020
5083572963,345450.397683307,2019
5083572963,421511.136698314,2020
5083596881,220117.441974662,2020
5083596991,486242.183671017,2008
5083596991,502261.1524138,2009
5083596991,789256.608321961,2010
5083596991,887205.860838567,2011
5083596991,1041072.85037065,2012
5083596991,1190553.60015088,2013
5083596991,1825544.03184781,2014
5083596991,2844182.44746124,2015
5083596991,1573447.47453273,2016
5083596991,1021979.02792135,2017
5083596991,1718423.2495006,2018
5083596991,1230897.7993692,2019
5083599169,5821336.32968876,2008
5083599169,4777395.48479389,2009
5083599169,5098016.57726892,2010
5083599169,5884596.32500384,2011
5083599169,7403337.7705333,2012
5083599169,7122637.79592609,2013
5083599169,8389365.54209811,2014
5083599169,9064763.79149516,2015
5083599169,9573889.38275151,2017
5083599169,11072930.1400673,2018
5083599169,12203785.9373615,2019
5083599169,11961592.9002548,2020
5083599169,10729757.0742901,2021
5083599581,1524156.70294287,2016
5083599581,2748314.18636051,2017
5083599581,2838495.62372016,2018
5083599581,2114970.82050261,2019
5083599581,1772963.858576,2020
5083614305,6054597.75678137,2019
5083614305,7770967.48099598,2020
5083668893,32481.7844422146,2018
5083668893,308543.185615989,2019
5083668893,310357.204232465,2020
5083668960,70538.4353674664,2012
5083668970,259099.448642115,2008
5083668970,379400.520668099,2009
5083668970,385781.361372789,2010
5083668970,354526.031916144,2011
5083668970,399410.069943722,2012
5083669041,121193.513687834,2016
5083669041,158570.187344842,2017
5083669041,136024.027037345,2018
5083669041,151830.366908302,2019
5083669466,520291.267162437,2020
5083669475,618442.92280527,2010
5083669475,839680.402648558,2011
5083669475,821794.868466569,2012
5083669475,905195.169553122,2013
5083669487,512001.486996487,2010
5083669487,187204.133830589,2011
5083669487,104566.957720145,2012
5083669521,529601.239005064,2020
5083669527,169396.267760866,2018
5083669527,289181.830374449,2019
5083669527,204368.600380077,2020
5083669534,547580.699353842,2012
5083669534,655941.842631439,2013
5083669622,787546.453055545,2008
5083669622,606491.61472307,2009
5083669622,0.0,2010
5083669622,15478.9366153747,2011
5083669626,0.0,2015
5083669626,1898.72653116866,2016
5083669632,117474.709713227,2015
5083669632,157903.339680269,2016
5083669632,166944.070967434,2017
5083669632,165294.074925914,2018
5083669660,1563397.9229439,2014
5083669660,1586720.26618717,2015
5083669660,1645819.16928772,2016
5083669660,1829305.2279632,2017
5083669735,120844.771058985,2013
5083669735,624602.324096003,2014
5083669735,497009.537984815,2015
5083669795,146309.072611028,2013
5083669795,132112.660240378,2014
5083669795,86648.779784345,2015
5083669795,92616.9975783097,2016
5083669797,335958.672534435,2009
5083669805,1730125.40232954,2009
5083669816,739555.699539173,2010
5083669915,1356041.47385266,2010
5083669915,1538063.6230056,2011
5083669915,1580323.64092035,2012
5083669915,1391177.66324713,2013
5083669919,2927544.31573457,2008
5083669919,1357844.36943708,2009
5083670053,139767.696300031,2017
5083670053,291813.402262826,2018
5083670053,342899.826266984,2019
5083670053,283977.758241599,2020
5083670073,298985.549015031,2010
5083697563,99932.5721132425,2020
5083700112,77423.2132533765,2009
5083700112,187349.617609942,2010
5083700112,109631.965485355,2015
5083700112,141371.712926378,2016
5083700193,931804.058248612,2009
5083700193,1065991.13421835,2010
5083700193,1221716.85626455,2011
5083700193,1313812.33642574,2013
5083700208,190940.717434642,2008
5083700208,372989.944871305,2009
5083700208,420164.941211755,2010
5083700208,491070.175191018,2011
5083700208,351497.062374648,2012
5083700239,768106.264615779,2017
5083700239,799276.71736307,2018
5083700239,555370.814636472,2019
5083700240,239080.836332661,2008
5083700240,244668.530557114,2009
5083700240,268557.348567655,2010
5083700241,71800.3798515639,2012
5083700241,161807.547047813,2013
5083700241,160265.899350783,2014
5083700242,188903.76823196,2010
5083700242,220404.017175933,2011
5083700242,237591.931402604,2012
5083700278,177965.050931738,2017
5083700278,261719.455706766,2018
5083700284,5092.35204036367,2014
5083700303,999137.022597033,2012
5083700303,1096104.83534566,2013
5083700303,496053.694833315,2014
5083700349,259773.829610434,2010
5083700349,284415.307435221,2011
5083700349,131217.376575515,2012
5083700356,234583.852434031,2019
5083700356,258017.898262899,2020
5083700377,528637.230126527,2018
5083700377,440011.909347648,2019
5083700377,958785.593709906,2020
5083700380,154428.196642094,2010
5083700380,243634.56214001,2011
5083700380,132159.169997294,2012
5083700380,175404.724695772,2013
5083700380,201588.854775952,2014
5083700381,253873.080095832,2020
5083702990,356666.482916668,2009
5083702990,408759.711919073,2010
5083702990,381683.919484931,2011
5083702990,303611.864511326,2012
5083702990,273052.632694226,2013
5083702990,117738.639763817,2014
5083702990,63027.5035526109,2015
5083703001,3230724.52039927,2010
5083703001,1414304.37349986,2011
5083703051,61637.4248187241,2009
5083703051,101207.60302513,2010
5083703051,76702.6021718483,2011
5083703051,108324.700668277,2012
5083703055,344781.152814755,2010
5083703055,244328.654177342,2011
5083703055,213758.37200261,2012
5083703088,107775.588405065,2009
5083703088,162770.837346754,2010
5083703186,200863.690200179,2011
5083703186,110390.572775404,2012
5083703220,721369.777351007,2018
5083703220,452954.517066448,2019
5083703282,297107.185028871,2017
5083703282,361466.491108697,2018
5083703349,1657715.62703009,2012
5083703349,1705241.82882733,2013
5083703385,301699.016040953,2018
5083703385,306805.471334577,2019
5083703394,216933.408248665,2009
5083703394,126937.60186527,2010
5083703394,143978.832800922,2011
5083703394,217832.077140588,2012
5083703394,158525.933823004,2013
5083703463,33067.4812950117,2009
5083703481,990271.134497525,2012
5083703481,614986.383697635,2013
5083703481,482110.546782864,2014
5083703481,565859.981154239,2015
5083703481,598196.866992493,2016
5083703484,122577.427133742,2018
5083703484,150530.594031889,2019
5083703598,560328.062217565,2014
5083703598,555533.628844425,2015
5083703598,572755.024105646,2016
5083703598,562866.430181053,2017
5083703598,611870.752076307,2018
5083703598,631399.575591367,2019
5083703598,860349.57119582,2020
5083703612,146063.775405332,2014
5083703643,5620.48032832825,2013
5083703667,0.0,2009
5083703667,26601.0692248371,2010
5083703667,74346.4485431321,2011
5083703667,84267.4853352755,2012
5083703667,91161.4740504666,2013
5083703667,95382.8185647782,2014
5083703667,136531.695932225,2015
5083703697,210377.234756526,2013
5083703701,2664288.47418552,2009
5083703701,2046122.63315504,2010
5083703701,1072351.15132311,2011
5083703701,1177432.01903352,2012
5083703701,22457.695112884,2013
5083703701,7738.99668218633,2014
5083703701,35.2239892630411,2015
5083703701,0.0,2016
5083703702,258346.019702301,2008
5083703702,136799.523634467,2009
5083703702,146493.961825999,2010
5083703710,538632.983091892,2013
5083703710,677098.836342597,2014
5083703710,498683.682863046,2015
5083703710,646224.306212868,2016
5083703710,778448.745705061,2017
5083703710,745309.521491675,2018
5083703710,525414.376352509,2019
5083703710,510212.112893211,2020
5083703767,1206042.9515605,2019
5083703767,1296592.89786674,2020
5083703846,3226.34593691922,2009
5083703846,346070.599797884,2010
5083703846,508069.630918836,2011
5083703846,122930.644081213,2012
5083703846,60209.6436634057,2013
5083703846,37903.4170322448,2014
5083703846,60198.449913856,2015
5083703846,44436.749709764,2016
5083703846,139437.540042308,2017
5083703852,1730794.73209697,2010
5083703852,1957595.98725262,2011
5083703879,64871.9217118472,2013
5083703879,85743.6498654257,2014
5083703879,135047.805732283,2015
5083703882,237073.471440591,2020
5083703889,75013.9781353959,2012
5083703889,185660.47159973,2013
5083703889,248090.83288917,2014
5083703889,327635.997196892,2015
5083703889,456922.771049312,2016
5083703889,501548.459258059,2017
5083703889,634526.652788976,2018
5083703889,719264.568465904,2019
5083703889,742073.782532333,2020
5083703894,0.0,2015
5083703894,12117.6071295473,2016
5083703894,49632.7950960926,2017
5083703899,192800.554433315,2018
5083703899,364659.373143211,2019
5083703899,371191.70791327,2020
5083703917,16962.3636747011,2013
5083703917,46824.5245862569,2014
5083703917,55514.9541332357,2015
5083703917,176276.3471088,2016
5083703928,175382.365383002,2018
5083703928,78093.3222253422,2019
5083703981,405982.728294494,2019
5083703981,540606.734477778,2020
5083703987,161912.428189317,2013
5083703987,84775.383114458,2014
5083703987,30975.8522544385,2015
4295888263,6051481.98482597,2004
4295888263,11684600.4499039,2005
4295888263,27463952.2620722,2006
4295888263,19276655.3335186,2007
4295888263,24383757.1380753,2008
4295888263,42580725.3131944,2009
4295888263,44338667.5446827,2010
4295888270,164947.847446975,2004
4295888270,183757.895401699,2005
4295888270,190613.778764048,2006
4295888270,786970.812347632,2007
4295888270,1051597.153955,2008
4295888270,728112.435352888,2009
4295888271,2821459.17088102,2012
4295888271,2786800.89760294,2013
4295888281,114033.878664451,2005
4295888281,108468.217086043,2006
4295888281,141365.073135596,2007
4295888281,844056.231883366,2008
4295888291,706387.002866862,2004
4295888291,707898.218702109,2005
4295888291,1048139.82313441,2006
4295888291,726650.587363405,2007
4295888291,760449.448337955,2008
4295888294,85821.4588618089,2004
4295888294,79847.0879945519,2005
4295888294,73713.9222535623,2006
4295888294,86391.8996432885,2007
4295888294,96204.9451024996,2008
4295888294,88330.8443162545,2009
4295888294,84023.3741245308,2010
4295888294,89355.6683826195,2011
4295888294,82022.9301901245,2012
4295888294,83509.7166975211,2013
4295888306,44993612.4993248,2004
4295888306,51846298.9148195,2005
4295888306,62899484.7543633,2006
4295888306,81235422.5506964,2007
4295888306,94733568.0859525,2008
4295888306,80286194.8711315,2009
4295888306,71190836.4007506,2010
4295888306,70143357.3065815,2011
4295888306,47120252.1271339,2012
4295888306,41369059.1051464,2013
4295888306,43536167.4774505,2014
4295888306,36173932.3014783,2015
4295888306,3586391.19072934,2017
4295888306,3204703.79361795,2018
4295888306,3247942.21101799,2019
4295888306,2851921.98068167,2020
4295888322,149555.522770545,2005
4295888322,242068.802167515,2006
4295888322,661474.14279344,2007
4295888322,910152.085675463,2008
4295888322,317661.120084009,2009
4295888322,272017.993558897,2010
4295888322,307211.627139085,2011
4295888322,450710.74170102,2012
4295888322,172812.206852834,2013
4295888338,143759.038660147,2005
4295888338,243510.780308275,2006
4295888338,314928.993524456,2007
4295888338,418482.538774916,2008
4295888338,197690.916415375,2009
4295888338,233437.335032396,2010
4295888338,239527.938599015,2011
4295888339,9741230.46697223,2005
4295888339,4707030.87328339,2006
4295888339,3255831.99277932,2007
4295888339,4074808.79792733,2008
4295888339,3599923.23939266,2009
4295888339,3899005.96533892,2010
4295888339,4845656.97861888,2011
4295888339,4508066.76456785,2012
4295888339,4518984.9476112,2013
4295888339,4507270.84017988,2014
4295888339,3417487.31883522,2015
4295888339,3660654.02317418,2016
4295888348,809.636398490055,2004
4295888348,0.0,2005
4295888348,0.0,2006
4295888348,27420.7768816379,2007
4295888350,35744.9853391585,2005
4295888350,1045664.86429713,2006
4295888350,1052076.25427815,2007
4295888350,1081103.18090599,2008
4295888350,1026175.00119725,2009
4295888350,677406.190532955,2010
4295888350,646539.276574878,2011
4295888350,631482.170894614,2012
4295888350,723285.082915809,2013
4295888350,608903.141487584,2014
4295888363,14365.8561970588,2004
4295888363,34415.3259024954,2005
4295888363,97682.2206328674,2006
4295888363,225620.894259805,2007
4295888363,271255.40708838,2008
4295888363,232159.551225047,2009
4295888363,192072.573675482,2010
4295888363,140808.693959335,2011
4295888366,159628.121081244,2004
4295888366,1179371.56274663,2005
4295888366,33419673.2774982,2006
4295888366,40347623.4782583,2007
4295888366,47563462.452135,2008
4295888366,43786631.1184906,2009
4295888366,39952986.3381004,2010
4296264318,1229831.09958241,2005
4296264318,1943524.34798863,2006
4296264318,3040524.0527047,2007
4296264318,3523290.26146503,2008
4296264318,2823310.1342736,2009
4296264318,119884.954147926,2010
4296264318,124163.109698643,2011
4296393538,4480760.20046606,1999
4296393538,4371008.06269798,2000
4296393538,5025523.36110629,2001
4296393538,6529621.21945912,2002
4296393538,8847284.26592375,2003
4296393538,11101895.2654799,2004
4297820783,210590.58057046,2003
4297820783,271991.734052904,2004
4297820783,895632.956263111,2005
4297820783,1018575.66122412,2006
4297826062,192629.586554662,2007
4297826062,517811.651436931,2008
4297826062,406655.707681521,2009
4297826062,384604.298723376,2010
4297885257,13710.388440819,2007
4297885257,88253.3208902849,2008
4297885257,128808.029123697,2009
4298007877,1119114.92781323,1998
4298007877,1224608.04234537,1999
4298007877,1170814.87641218,2000
4298007877,1221527.1549494,2001
4298130548,232204.758757374,2004
4298130548,403395.819669856,2005
4298130548,428094.468682644,2006
4298130548,618338.518680935,2007
4298130548,1241430.04719001,2008
4298130548,241874.466016058,2009
4298130548,381002.747206817,2010
4298130548,411615.850493647,2011
4298130548,357497.137989926,2012
4298130548,248654.90029918,2013
4298130548,209751.591225516,2014
4298130548,170404.455413062,2015
4298130548,165120.827905048,2016
4298130548,181282.77730562,2017
5000688202,1362847.57037623,2006
5000688202,1055994.68329454,2007
5000688202,374027.705500546,2009
5000688202,125304.532774908,2010
5000688202,2856147.42962092,2012
5000688202,13528075.9875834,2013
5000688202,13086852.6712816,2014
5000688202,7809992.91506111,2015
5000688202,3629235.37265677,2016
5000688202,3706159.62292282,2017
5000688202,3950138.76151509,2018
5001446365,636197.339329875,2020
5036227711,4839859.87819859,2019
5036227711,3620030.34414885,2020
5060885115,3713546.75738168,2017
5060885115,948371.935064188,2018
5060885115,990758.257567982,2019
5060885115,1035719.35367124,2020
5060886062,19432817.3402835,2019
5060888656,517923.568551117,2006
5060889371,562540.77523335,2019
5060889546,1522.53863635295,2007
5060889546,6748.43727074378,2008
5062165127,89122.5799764638,2015
5062165127,111906.805860599,2016
5062165127,95792.845800059,2017
5062165127,129619.613125106,2018
5062165175,0.0,2016
5062165175,0.0,2017
5062165175,0.0,2018
5062388231,259124.960071291,2014
5062388231,178369.459227651,2015
5062388231,267670.592079771,2016
5062388231,144113.130849646,2017
5062388231,245.957520161492,2018
5062388231,0.0,2019
5062388231,1599.86926336832,2020
5062388318,0.0,2014
5062388318,0.0,2015
5062388318,0.0,2016
5062388318,0.0,2017
5062388318,0.0,2018
5062388318,0.0,2019
5062388318,0.0,2020
5062388420,22442.6408906954,2014
5062388420,2858.88331863134,2015
5062388420,1906.82523298145,2016
5062388447,685216.80166272,2014
5062388447,621869.271439677,2015
5062388447,680736.608174378,2016
5062388447,466248.364513562,2017
5062388447,588453.36698637,2018
5062388447,541769.131101811,2019
5062388447,522197.32756342,2020
5062388646,911075.719562697,2014
5062388646,789921.89086531,2015
5062388646,779772.343712352,2016
5062388646,835492.848514042,2017
5062388646,871796.430212409,2018
5062388646,864009.724931631,2019
5062388646,828412.304572116,2020
5062388819,0.0,2014
5062388819,0.0,2015
5062388819,0.0,2016
5062389008,126538.294383708,2014
5062389008,101801.10599822,2015
5062389008,98559.0292297288,2016
5062389008,104875.606147726,2017
5062389008,106868.542510168,2018
5062389008,103394.528694425,2019
5062389024,0.0,2014
5062389024,0.0,2015
5062389024,0.0,2016
5062389024,0.0,2017
5062389024,0.0,2018
5062389024,0.0,2019
5062389024,0.0,2020
5062389128,1865922.54724554,2014
5062389128,1784440.38792485,2015
5062389128,1096543.6855414,2016
5062389128,1460750.07084742,2017
5062389128,1678906.03262235,2018
5062389128,0.0,2019
5062389128,2003462.9495407,2020
5062455107,1363737.57131292,2016
5062455107,1371012.39861248,2017
5062455107,1478696.61121089,2018
5062455107,1543296.99155771,2019
5062455107,1270402.85306534,2020
5062459910,379369.230635044,2011
5062459910,490802.176799698,2012
5062459910,533614.692773496,2013
5063190870,0.0,2014
5063190870,0.0,2015
5063190870,0.0,2016
5063190870,0.0,2017
5063190870,0.0,2018
5063190870,0.0,2019
5063190870,0.0,2020
5063191219,0.0,2014
5063191219,0.0,2015
5063191219,0.0,2016
5063191219,0.0,2017
5063191219,0.0,2018
5063191219,0.0,2019
5063191219,0.0,2020
5063282442,1690718.73478363,2015
5063282442,1807312.79113523,2016
5063282442,1445612.13693465,2017
5063282442,1538095.35232989,2018
5063282442,1587202.69901211,2019
5063282442,1620347.58993943,2020
5063313957,0.0,2016
5063313957,0.0,2017
5063313957,0.0,2018
5063313957,717278.215563305,2019
5063313957,0.0,2020
5063353452,135400.906558719,2016
5063353452,3180536.22102666,2017
5063353452,3428702.38690423,2018
5063353452,3088461.96888526,2019
5063353452,748427.342055797,2020
5063737684,22124.3055589125,2014
5063737684,13672.9202195412,2015
5063737684,16088.837903281,2016
5063737684,9203.86381896901,2017
5063737684,13035.7485685591,2018
5063737684,11829.5170343457,2019
5063737684,14078.8495176412,2020
5063763695,2320448.95446732,2013
5063763695,1661135.50739953,2015
5063763695,61018.4074554065,2016
5063763810,594968.735102265,2014
5063763810,477806.412035602,2015
5063763810,461690.059535634,2016
5063763810,482839.540081966,2017
5063763810,521798.879022606,2018
5063763847,374680.685508489,2014
5063763847,393531.50377334,2015
5063763847,508168.924589557,2016
5063763847,580085.627537652,2017
5063763847,617230.396845265,2018
5063763847,571797.905112074,2019
5063763847,532223.174947194,2020
5063764057,1884067.66115717,2014
5063764057,2724018.60555677,2015
5063764057,645341.16478716,2016
5063764057,1559691.60690134,2017
5063764057,3151207.74830904,2018
5063764057,3196926.97853192,2019
5063765506,4520361.71131737,2014
5063765506,4768865.97402652,2015
5063765506,3740476.04764724,2016
5063765506,3474579.6951321,2017
5064611730,906230.483035018,2018
5064611730,2515137.31407165,2019
5064611730,2406416.68800774,2020
5065875577,926153.042168099,2018
5065875577,2429714.55164094,2019
5065875577,-11305.7427944695,2020
5066545550,459410.119376583,2015
5066545550,529620.708460598,2016
5066545550,712936.135556191,2017
5066545550,800222.791845415,2018
5066545550,807250.792237992,2019
5066545550,800361.263487725,2020
5066545600,0.0,2016
5066545600,574151.557443843,2017
5066545600,792475.129960328,2018
5066545600,804293.412979405,2019
5066545600,819773.010549927,2020
5066545616,0.0,2016
5066545616,45777.1121522406,2017
5066545616,55709.378316578,2018
5066545616,44133.1981665973,2019
5066545616,38716.8361735133,2020
5066545625,29583.2273840982,2015
5066545625,-1072.58919355207,2016
5066545625,0.0,2017
5066545625,0.0,2018
5066545625,0.0,2019
5066545663,0.0,2015
5066545663,2810541.2168376,2016
5066545663,2529851.51550345,2017
5066545664,0.0,2015
5066545664,594214.413227845,2016
5066545664,458497.742350219,2017
5066555711,705522.683328324,2015
5066555711,779176.460827046,2016
5066555711,731828.277079338,2017
5066555711,1027856.47675488,2018
5066555711,754245.456295635,2019
5066555711,901153.027079929,2020
5066556120,1604827.93594996,2015
5066556120,1657507.83376913,2016
5066556120,1721485.84456111,2017
5066556120,1676200.49990057,2018
5066556120,1565249.84528491,2019
5066556120,1226033.14549459,2020
5066556777,363575.378565072,2015
5066556777,409967.425091012,2016
5066556777,669823.2997726,2017
5066556777,772675.549587328,2018
5066556777,691116.783660425,2019
5066607259,803594.811084852,2015
5066607259,885362.7909887,2016
5066607259,690531.99336528,2017
5066607259,523766.539183898,2018
5066607259,569977.979414482,2019
5066607259,346744.99834736,2020
5066620092,0.0,2016
5066620092,0.0,2017
5066620092,46977.886350845,2018
5066620092,94522.3909186658,2019
5066620092,79033.541610395,2020
5066620732,592426.764571925,2016
5066620732,642211.708315693,2017
5066620732,655968.7062707,2018
5066620732,494337.317608329,2019
5066621268,679668.434185919,2015
5066621268,1737356.14040023,2016
5066621268,1614672.58287255,2017
5066621268,1612497.50217874,2018
5066621268,1556718.94357745,2019
5066621268,1324585.09211808,2020
5066621491,2895929.22829558,2011
5066621491,2946706.05657126,2012
5066621491,2532668.52267535,2013
5066621491,2585997.06773849,2014
5066625433,801606.022689282,2015
5066625433,1039458.10512901,2016
5066625433,1197471.12423639,2017
5066625433,1211955.68059575,2018
5066625433,496270.98866202,2019
5066625433,481134.016470299,2020
5067168389,1785186.27046608,2017
5067168389,2412228.37898383,2018
5067168389,2493298.20570055,2019
5067168389,2168356.14161853,2020
5067169661,179985.349799051,2015
5067169661,2593639.84658596,2016
5067169661,0.0,2017
5067169661,0.0,2018
5067169661,2420956.15922128,2019
5067169661,0.0,2020
5067179420,31426725.1501346,2010
5067179420,31370779.6910669,2011
5067179420,38967490.0791783,2012
5067179420,43135415.6054311,2013
5067179420,41828148.4226135,2014
5067179420,33370626.2849111,2015
5067179420,25222769.1224163,2016
5067179420,13266158.6603308,2017
5067179420,13982439.0636607,2018
5067179420,13145778.2951288,2019
5067179420,12692189.4981044,2020
5067496226,52656390.4072906,2020
5067508797,0.0,2015
5067508797,7223173.1591108,2016
5067508797,4123936.50825463,2017
5067508797,5224875.60079058,2018
5067508797,5420876.1809889,2019
5067508797,921311.37979837,2020
5068308116,34925.9678629319,2018
5068308116,32417.4264883511,2019
5068308116,30397.5160039981,2020
5068340548,24644919.4226801,2020
5068476941,94545.5935395252,2014
5068476941,103168.398020174,2015
5068476941,223336.905412953,2016
5068476941,409571.939944121,2017
5068476941,113263.438034367,2018
5068476941,140703.005495054,2019
5068476941,248299.709674763,2020
5068481659,10616945.747614,2020
5071150165,0.0,2018
5071150165,1498936.30267891,2019
5071153616,3862511.03357469,2020
5071514732,2442285.59371806,2016
5071514732,2271901.12162972,2017
5071514732,2226161.51498167,2018
5071532292,287889.496287778,2019
5071532292,283603.491419757,2020
5071536410,0.0,2018
5071536410,333956.365508066,2019
5071536410,762177.717068667,2020
5073093345,0.0,2017
5073093345,0.0,2018
5073093345,5425880.97665728,2019
5073093345,5495657.57762107,2020
5073622555,5440383.18435078,2013
5073622555,5061850.1106801,2014
5073622555,4204920.1646078,2015
5073622555,4482826.94616233,2016
5073622555,5153437.11779483,2017
5073622555,5570322.9378574,2018
5073622555,301413589.228836,2021
5073651375,381484.223173352,2016
5073651375,616901.082813528,2017
5073651375,1737935.8374611,2018
5073651375,2113274.97097219,2019
5073651375,2917734.90458025,2020
5073651385,673109.307242452,2016
5073651385,817811.741703917,2017
5073651385,773167.464627651,2018
5073651385,706586.152089954,2019
5073651385,844517.65515669,2020
5073651386,737107.129124392,2016
5073651386,840336.987366131,2017
5073651386,1132019.48654327,2018
5073651386,1264165.88768959,2019
5073651386,1077031.98809955,2020
5073651420,122155.991487874,2016
5073651420,3061980.16840543,2017
5073651420,3282303.10655511,2018
5073651420,3187827.35004396,2019
5073651420,228248.014907214,2020
5073651468,0.0,2016
5073651468,34393.3858498316,2017
5073651468,516018.877298811,2018
5073651468,480119.148095895,2019
5073651468,190704.416193504,2020
5073651858,256587.170413067,2016
5073651858,277811.363167301,2017
5073651858,410995.016189853,2018
5073651858,574755.28437066,2019
5073651858,704155.791783843,2020
5073651899,6431581.09669154,2020
5073651918,336316.300467104,2016
5073651918,409329.733001516,2017
5073651918,555618.038044811,2018
5073651918,610926.307610294,2019
5073651918,531263.253389173,2020
5073651967,464311.944230983,2016
5073651967,912999.070147465,2017
5073651967,1500463.85174518,2018
5073651967,1629515.97148111,2019
5073651967,1667063.77242979,2020
5073652044,0.0,2016
5073652044,0.0,2017
5073652044,0.0,2018
5073652044,0.0,2019
5073652044,0.0,2020
5073652072,0.0,2016
5073652072,751931.453315507,2017
5073652072,762960.227540949,2018
5073652072,832729.752004275,2019
5073652072,641547.574610696,2020
5073652101,0.0,2015
5073652101,296511.323728616,2016
5073652101,337878.684933204,2017
5073652101,364509.044879331,2018
5073652101,362620.195245134,2019
5073652101,343118.628017059,2020
5073652273,900140.686544307,2016
5073652273,1083512.757741,2017
5073652273,577508.257339184,2018
5073652273,0.0,2019
5073652273,0.0,2020
5073652295,0.0,2016
5073652295,1196138.98605206,2017
5073652295,1210356.9567147,2018
5073652295,1153719.146917,2019
5073652295,1089510.96835383,2020
5073665798,287811.433603138,2016
5073665798,222224.869839581,2017
5073665798,201439.209012262,2018
5073665798,173006.686627305,2019
5073665798,193370.864965784,2020
5073665865,905026.926203821,2016
5073665865,1066679.37522999,2017
5073665865,1106070.96816623,2018
5073665865,2134772.84327499,2019
5073665865,2436280.91425728,2020
5073665871,695276.150575862,2016
5073665871,1487756.14494782,2017
5073665871,1946015.89951773,2018
5073665871,2061862.07001523,2019
5073665871,2330156.25312051,2020
5073666464,1177644.60653322,2018
5073666464,1064201.55166671,2019
5073666464,806440.766688524,2020
5073666482,3902362.01488223,2018
5073666482,3545897.73104511,2019
5073666482,3192379.12812515,2020
5073666674,0.0,2018
5073666674,0.0,2019
5073666674,0.0,2020
5073666678,1548056.63189643,2018
5073666678,1744285.03578549,2019
5073666678,1583123.9650784,2020
5073666772,118551.524717839,2018
5073666772,133537.048060787,2019
5073666772,151240.974363752,2020
5073666805,281498.381824828,2018
5073666805,374335.966923381,2019
5073666805,327119.935383376,2020
5073666812,0.0,2018
5073666812,0.0,2019
5073666812,0.0,2020
5073666943,0.0,2018
5073666943,0.0,2019
5073666943,0.0,2020
5073667000,1402203.82244067,2018
5073667000,1359257.00538876,2019
5073667000,1209394.50515556,2020
5073674941,3658794.34737246,2020
5074624637,2135167.55463098,2016
5074624637,2770484.11298097,2017
5074624637,6640361.12931997,2018
5074624637,10196606.7631516,2020
5074753805,0.0,2018
5074753805,0.0,2019
5074753805,0.0,2020
5074857483,760046.469456709,2019
5076370506,0.0,2019
5076370506,53894262.5853341,2020
5076942523,4415319.19304389,2020
5076950843,1026715.22970025,2017
5076950843,1169984.73283923,2019
5076950843,1213980.79704388,2020
5078355367,338461.478854208,2016
5078355367,2438902.80855548,2017
5078355367,2824945.09781482,2018
5078521557,0.0,2018
5078521557,0.0,2020
5078521579,0.0,2018
5078521579,10509114.5592629,2020
5078521726,3813448.37616473,2020
5079242370,289003.199373751,2016
5079242370,351200.066776449,2017
5079242370,362049.469677716,2018
5079242370,293349.273380553,2019
5079684218,517002.707379457,2018
5079684218,452479.026563722,2019
5079684218,347598.26195449,2020
5079897001,1779907.8844727,2020
5079901788,2236723.8881398,2020
5079905935,1469106.21036728,2017
5079905935,2110315.5229856,2018
5079905935,1893518.942988,2019
5079909479,126490260.485777,2017
5079909479,893260.338713978,2020
5081122035,0.0,2017
5081122035,1968052.50984482,2020
5081169593,0.0,2019
5081169593,0.0,2020
5081414354,969687.523236683,2018
5081414354,907232.960249433,2019
5081414354,765484.113546295,2020
5081414396,792475.129960328,2018
5081414396,626736.912108121,2019
5081414396,589178.520723106,2020
5081414745,705037.231542917,2018
5081414745,947726.307020847,2019
5081414745,815720.008416061,2020
5081414822,1618184.58354031,2017
5081414822,3149732.00318807,2018
5081414822,5269481.11202049,2019
5081414847,418496.720554779,2018
5081414847,426203.849304742,2019
5081414847,522517.301416093,2020
5081414874,1266984.51676387,2017
5081414874,3059834.52956904,2018
5081414874,5050180.0654607,2019
5081414901,320113.712490182,2018
5081414901,316098.344600448,2019
5081414901,461935.58530988,2020
5081414907,275103.486300629,2018
5081414907,300060.249390422,2019
5081414907,169052.852162586,2020
5081415014,67761.2968044911,2018
5081415014,315870.853888249,2019
5081415014,237847.230487424,2020
5081415017,1152420.63291196,2017
5081415017,1394948.0755959,2018
5081415017,1306934.141583,2019
5081415017,1253017.60707007,2020
5081415042,1504645.12958793,2018
5081415042,2791083.54796898,2019
5081415042,3578374.25240047,2020
5081415081,1697598.80415462,2018
5081415081,1812759.74015737,2019
5081415081,1693408.28629992,2020
5081415151,48330.6527117332,2018
5081415151,866739.613478019,2019
5081415151,1181236.80612028,2020
5081415194,458134.431936313,2017
5081415194,466335.458226189,2018
5081415194,406070.921275135,2019
5081415196,267109.86689538,2018
5081415196,295737.925858642,2019
5081415196,424711.960448843,2020
5081415218,0.0,2018
5081415218,0.0,2019
5081415218,0.0,2020
5081415290,22283.0387196092,2017
5081415290,123101.738840827,2018
5081415290,140361.769426755,2019
5081415290,87246.203829019,2020
5081415371,0.0,2017
5081415371,510976.7481355,2018
5081415371,1222535.08735718,2019
5081415371,866489.193040282,2020
5081415458,341272.544923854,2019
5081415458,401614.002410615,2020
5081415484,17366691.5623227,2018
5081415484,20978852.2429193,2019
5081415484,19022872.1732529,2020
5081415544,0.0,2017
5081415544,805264.921008725,2018
5081415544,825336.303857809,2019
5081415544,870542.195174148,2020
5081415556,2132082.76351989,2018
5081415556,2355893.81553238,2019
5081415556,2429881.4372038,2020
5081415654,583657.195343221,2018
5081415654,713297.128099823,2019
5081415654,838864.783759456,2020
5081415748,0.0,2018
5081415748,0.0,2019
5081415748,0.0,2020
5081415750,811782.795293005,2018
5081415750,719666.868041394,2019
5081415750,705435.687194538,2020
5081415781,0.0,2018
5081415781,975707.664621318,2019
5081415781,1538220.96775319,2020
5081415828,335854.993780518,2018
5081415828,1984970.20929198,2019
5081415828,1544087.15505221,2020
5081415875,0.0,2018
5081415875,1968022.15123316,2019
5081415875,1833236.85991831,2020
5081437355,2477653.07934679,2018
5081437355,2930307.86383474,2019
5081437355,3112918.95471118,2020
5081437391,971040.289597571,2018
5081437391,813506.786823463,2019
5081437391,480920.700568517,2020
5081437472,1242331.4343357,2018
5081437472,1910125.76497853,2019
5081437472,2389351.41586514,2020
5081437502,891350.053065248,2018
5081437502,956484.699440506,2019
5081437502,868195.720254541,2020
5081437538,194306.440927579,2018
5081437538,232381.762511233,2019
5081437538,755778.240015194,2020
5081437542,1650251.98152353,2018
5081437542,1592093.74932439,2019
5081437542,1761029.42716496,2020
5081437555,377421.81468781,2018
5081437555,386279.229313826,2019
5081437555,374796.039431752,2020
5081437602,791245.34235952,2018
5081437602,817829.110355243,2019
5081437602,614776.428937,2020
5081437606,657936.366431992,2018
5081437606,727629.042968358,2019
5081437606,639627.731494654,2020
5081437619,821323.742371682,2017
5081437619,943861.983619726,2018
5081437619,1284981.2878558,2019
5081437619,958641.662610297,2020
5081445971,1628976.65602956,2018
5081445971,1448205.87385855,2019
5081445971,1308053.10972994,2020
5081445974,1483492.78285404,2018
5081445974,1112998.30943339,2019
5081445974,1040021.6791403,2020
5081445979,537699.412581874,2017
5081445979,1563428.97690652,2018
5081445979,1526690.16956719,2019
5081445979,1462067.19081686,2020
5081446438,0.0,2017
5081446438,447027.792893512,2018
5081446438,1159747.65079027,2019
5081446438,1152332.50142876,2020
5081450267,1501561.94067627,2017
5081450267,1834105.22784425,2018
5081450267,1972571.96547714,2019
5081450267,1711326.82204965,2020
5081450292,1612743.4596989,2018
5081450292,1750427.28501486,2019
5081450292,1449908.18441526,2020
5081450322,568284.850333128,2018
5081450322,487285.105530162,2019
5081450322,333092.780633284,2020
5081450342,1408721.69672495,2018
5081450342,1528055.11384038,2019
5081450342,1307093.18817192,2020
5081450420,907091.334355583,2018
5081450420,1153377.9108487,2019
5081450420,984239.57082419,2020
5081459882,1172644.91261943,2017
5081459882,1044458.60936578,2018
5081459882,1664435.79580365,2019
5081459891,635185.295817054,2018
5081459891,847402.902941108,2019
5081459891,846970.788027188,2020
5081459908,732215.537520762,2018
5081459908,1008466.32717797,2019
5081459908,1641785.83806857,2020
5081460115,1576095.78919484,2018
5081460115,2548919.68483319,2019
5081460115,3096066.99847037,2020
5081460130,0.0,2018
5081460130,1163614.99289765,2019
5081460130,1133667.36002279,2020
5081460588,803174.282087353,2018
5081460588,787800.336344981,2019
5081460588,757591.425180345,2020
5082097051,9705020.26749401,2020
5082246360,380988.198730151,2018
5082246360,332363.930522673,2019
5082246360,353571.107204399,2020
5082553962,575778.992575555,2019
5082554268,5300473.52749013,2020
5082554269,845014.250463018,2019
5082554269,710341.952935534,2020
5083111808,1073642.41622297,2019
5083169296,344534.683625317,2019
5083169296,337572.414570715,2020
5083203516,2656067.8102789,2019
5083227367,8384511.43416079,2019
5083255179,209035.716165592,2016
5083255179,210841.143537172,2017
5083255179,207096.231975976,2018
5083255179,231358.054306337,2019
5083255179,242753.49622842,2020
5083256854,546424.605826247,2016
5083256854,666069.092162231,2017
5083256854,815103.221815185,2018
5083256854,725354.135846368,2019
5083256854,697862.972681261,2020
5083256960,566684.623926675,2016
5083256960,631796.809783701,2017
5083256960,645761.469183998,2018
5083256960,574527.793658461,2019
5083256960,529343.410273131,2020
5083278136,12865935.3001062,2020
5083281084,1542273.96988706,2020
5083284026,765232.801310869,2016
5083284026,941095.075489581,2017
5083284026,1096724.58240009,2018
5083284026,1104694.89843813,2019
5083284026,958641.662610297,2020
5083284176,1759403.80715657,2016
5083284176,2136628.54418513,2017
5083284176,2590178.64482067,2018
5083284176,2803936.77320822,2019
5083286284,1992632.36846562,2016
5083286284,2363455.3459342,2017
5083286284,1355348.9148499,2018
5083286284,2239418.57088651,2019
5083286284,2649490.15808883,2020
5083291375,454181.93518077,2016
5083291375,597161.216991265,2017
5083291375,647729.12934529,2018
5083291375,565314.419814403,2019
5083291375,508331.793947561,2020
5083318319,6136671.86247731,2020
5083320636,2162596.6122704,2020
5083322060,398099822.800902,2017
5083322060,3043697.94458278,2020
5083322414,2697680.99836051,2016
5083322414,2752560.79922824,2017
5083322414,2725947.19594982,2018
5083322414,2639574.73364448,2019
5083322414,2368446.45749046,2020
5083322544,186525698.348107,2017
5083322544,1972254.80117252,2019
5083322544,1941598.92783135,2020
5083322966,1049001772.86173,2017
5083322966,9931988.38699053,2020
5083340588,0.0,2018
5083340588,0.0,2019
5083340588,0.0,2020
5083341376,0.0,2019
5083341376,0.0,2020
5083506758,203076.887312525,2016
5083506758,1426477.78846889,2017
5083506758,1044458.60936578,2018
5083506758,1244715.43179658,2019
5083506758,1184649.86054879,2020
5083508176,0.0,2018
5083508176,0.0,2019
5083508176,0.0,2020
5083512958,3084528.16750162,2016
5083512958,3597499.71850386,2017
5083512958,3668456.41320866,2018
5083512958,3609708.87581692,2019
5083512958,3433852.72894287,2020
5083524172,2426643.42702625,2019
5083528752,82806.6192404196,2019
5083528752,97165.3932619026,2020
5083528798,0.0,2019
5083528798,36903.6510083626,2020
5083528888,0.0,2019
5083528888,0.0,2020
5083528904,335649.427135663,2019
5083528904,323581.728325985,2020
5083529105,425862.613236444,2019
5083529204,0.0,2019
5083529204,0.0,2020
5083529230,1943947.8129434,2020
5083529434,0.0,2019
5083529523,591311.679740931,2020
5083529657,635950.285952179,2019
5083538368,4000651.66473082,2019
5083560565,777968.699645485,2017
5083560565,945214.749980614,2018
5083560565,793942.585574353,2019
5083560565,825852.513750727,2020
5083560702,3220625.71581134,2017
5083560702,3973197.78068874,2018
5083560702,7365580.53422167,2019
5083560702,6860346.05927425,2020
5083561312,922929.554794247,2017
5083561312,1025396.90155326,2018
5083561312,1178743.12525889,2019
5083561312,1021356.53773434,2020
5083561417,1421270.3392029,2017
5083561417,1756382.65147322,2018
5083561417,2036724.34631724,2019
5083561417,2016261.90364765,2020
5083561459,13186643.5071782,2018
5083561459,12783840.5720203,2019
5083561459,12937289.4692525,2020
5083561942,552716.243023349,2017
5083561942,730739.792399793,2018
5083561942,806909.556169693,2019
5083563172,0.0,2018
5083563172,0.0,2019
5083563172,0.0,2020
5083563385,594981.354507825,2017
5083563385,666913.815917886,2018
5083563385,735249.981827023,2019
5083563385,842491.154089757,2020
5083563419,2039233.79965893,2018
5083563419,3189192.29431715,2019
5083563419,2138918.54717255,2020
5083563776,2170083.20038485,2018
5083563776,2304253.42386322,2019
5083563776,2291119.44309432,2020
5083584007,596555.699634754,2017
5083584007,658182.323952153,2018
5083584007,808615.736511186,2019
5083584007,717701.351547028,2020
5083585222,1951918.8800016,2018
5083585222,2386491.31632314,2019
5083585222,2388391.49430712,2020
5083587888,819530.457178092,2018
5083587888,960352.041547889,2019
5083587888,639947.705347328,2020
5083588660,414537.182267512,2017
5083588660,494866.530564922,2018
5083588660,362165.213820736,2019
5083588660,465348.639738399,2020
5083601252,970281.012073417,2017
5083601252,1070161.17022265,2018
5083601252,922702.328678962,2019
5083601252,955655.239985343,2020
5083603297,840094.780423526,2017
5083603297,944599.856180211,2018
5083603297,887327.522932024,2019
5083603297,1009624.1631363,2020
5083612675,0.0,2018
5083612675,0.0,2019
5083612675,0.0,2020
5083642679,20777608.7813153,2020
5083651977,1929413.76690683,2018
5083651977,1797404.11708394,2019
5083651977,1779907.8844727,2020
4296652516,7394528.94776435,2013
4296652516,9102088.15427005,2014
4296652516,11959519.1445023,2015
4296694546,10134908.5393431,2013
4296694546,12805834.0712719,2014
4296694546,16218749.4283509,2015
4297198689,14061666.5616696,2013
4297198689,16479774.5190944,2014
4297198689,25084158.8750835,2015
4297258466,7696714.91200837,2013
4297258466,10180098.5569876,2014
4297258466,11815768.8169361,2015
4297721520,2481746.0401421,2012
4297721520,4770465.92537668,2013
4297721520,6285591.85437352,2014
5001099263,13678689.3951765,2013
5001099263,17915153.0650641,2014
5001099263,23343311.8516134,2015
5040932414,4506848.12546001,2013
5040932414,6568007.04740701,2014
5040932414,10701217.1725943,2015
5040933191,2614603.39803937,2013
5040933191,3785529.25881632,2014
5040933191,6185224.0334858,2015
5040941915,1851931.32990579,2013
5040941915,3449697.82378006,2014
5040941915,4985828.43921071,2015
5040941916,566413.917156943,2013
5040941916,936146.304195176,2014
5040941916,1571014.67019954,2015
5040942432,1342398.84889575,2013
5040942432,2673385.68455691,2014
5040942432,4341293.65376307,2015
5040943369,1241261.53890341,2013
5040943369,2382780.4446808,2014
5040943369,3776636.33045711,2015
4296010073,36637709.5718353,2017
4296010073,42416101.1240855,2018
4296010073,42939741.6443744,2019
4296010073,42578971.8897706,2020
4296095755,6566989.9438408,2012
4296095755,6783133.15885535,2013
4296095755,7060490.0967824,2014
4296095755,6726867.22846976,2017
4296173564,920051.766528285,2010
4296173564,871006.12902183,2011
4296173564,786652.137383605,2012
4296206189,6641198.1217929,2014
4296206189,6128864.40875458,2015
4296206189,8988177.51176503,2016
4296206189,4792467.42813615,2017
4296206189,3048329.33148554,2019
4296206189,3518208.31559196,2020
4296206193,7847989.73639714,2014
4296206193,6171521.58327805,2015
4296206193,5917428.21972224,2017
4296206193,5774355.43914844,2018
4296206193,5329555.5763554,2020
4296206211,8926440.36233698,2015
4296206211,8197573.8044042,2016
4296206211,8408428.6786055,2017
4296206211,13843702.1239671,2019
4296206211,10533239.8955955,2020
4296206211,11887861.3922834,2021
4296279877,5212112.64645539,2014
4296279877,3669445.06288598,2015
4296279877,4313420.86790161,2018
4296291677,20793886.6349928,2011
4296291677,22190654.2100543,2012
4296291677,22529732.4590982,2013
4296291677,22651947.1147486,2014
4296291677,20246206.6952793,2015
4296291677,15713654.9181209,2017
4296291711,85558216.5585438,2014
4296291711,80766143.542588,2015
4296291711,85798732.745255,2016
4296291711,88734579.5629866,2017
4296291711,86382652.484772,2018
4296291711,86852615.2445084,2019
4296291711,85590935.3839994,2020
4296291714,21904750.634034,2012
4296291714,23910818.1170886,2013
4296291714,24464556.1165441,2014
4296291714,20834445.2021606,2015
4296291714,21440014.7387456,2016
4296291714,23478083.161365,2017
4296291714,25549531.4069471,2018
4296291714,27492990.8140372,2019
4296408940,219302000.0,2010
4296408940,241487000.0,2011
4296408940,231854000.0,2012
4296408940,240440000.0,2013
4296408940,257201000.0,2014
4296408940,236860000.0,2015
4296408940,-238258000.0,2016
4296408940,-287089000.0,2017
4296511790,69551176.3154785,2014
4296511790,56913264.1934844,2015
4296511790,57163049.1497121,2016
4296511790,61549333.2746672,2017
4296511790,65520651.3603739,2018
4296511790,65315001.4945973,2019
4296511790,68856077.5450373,2020
4296630955,8499241.95183256,2012
4296630955,7108969.69221231,2013
4296630955,7860691.40776264,2014
4296630955,9575039.24916465,2015
4296630955,8808506.56526596,2016
4296630955,8002413.51862712,2017
4296630955,11544004.9955438,2018
4296630955,11644849.4954481,2019
4296636099,1510256.13772655,2013
4296636099,1621466.24911409,2014
4296746314,9407879.04786019,2014
4296746314,6582348.60602629,2015
4296746314,3546627.92645294,2016
4296746314,39702.8233608555,2017
4296746314,138.117164841814,2020
4296801406,135493905.374747,2011
4296801406,56936507.0068289,2013
4296801406,66349603.7111103,2014
4296801406,56411758.3890871,2015
4296801406,57318899.5255325,2016
4296801406,68185208.0663176,2018
4296801406,65783912.2537689,2019
4296801406,66475825.5439963,2020
4296823808,-302978312.423834,2017
4296995162,7596791.0054575,2014
4296995162,6208669.27054914,2015
4296995162,6194336.73339478,2016
4296995162,6776938.46341903,2017
4296995162,7147885.2628441,2018
4296995162,6641234.68199506,2019
4297016875,3084093.35006948,2017
4297016875,6599540.12605416,2018
4297406852,17610510.697006,2010
4297406852,22483500.4595373,2011
4297406852,19562790.3475155,2012
4297406852,21279789.8258073,2013
4297406852,23782875.4002005,2014
4297406852,18886399.0348254,2017
4297406852,20508526.285455,2018
4297547368,3638773.45175457,2011
4297547368,3362887.41225909,2012
4297547368,3887928.62862449,2013
4297547368,4059047.42800771,2014
4297547368,3470259.83646643,2015
4297547368,5070083.20226515,2017
4297547368,5280055.93724783,2018
4297547368,5751959.67864403,2019
4297547368,5124076.04485263,2020
4297548485,73978074.0078557,2013
4297548485,77604695.9815276,2014
4297548485,103333465.280618,2018
4297548485,98622261.2258644,2019
4297548485,108437587.028077,2020
4297833018,522603.78716724,2013
4297833018,661730.792248003,2014
4297833018,1437.45172103174,2017
4298017878,2726795.06155236,2017
4298124670,2385509.00728546,2012
4298124670,2029662.42685286,2013
4298124670,1702943.18035712,2014
4298124670,1097788.07767499,2016
4298124670,1111990.95400569,2017
4298124670,2240784.11070726,2018
4298124670,89304.5930254284,2019
4298124670,112119.17685473,2020
4298128125,16832.4240446288,2017
4298128125,21764.8185318158,2019
4298281582,6957439.29967222,2011
4298281582,6385194.8676554,2012
4298281582,6878851.40131544,2013
4298281582,5952142.90479958,2017
4298281582,6501317.51506442,2018
4298281582,6579556.68968973,2019
4298281582,7359753.47993529,2020
4298281597,7270768.8550985,2013
4298281597,7652912.41452686,2014
4298281597,7421210.65318926,2017
4298281597,8614484.36631599,2018
4298281597,8677400.89356449,2019
4298281617,7433600.54403534,2012
4298281617,7626691.48375694,2013
4298281617,7656284.70233537,2014
4298281617,6305461.20633747,2015
4298281617,6345810.31243774,2016
4298281617,6377475.04753252,2017
4298281617,6972858.03614409,2018
4298281617,7026960.83306415,2019
4298281617,5941284.38454787,2020
4298281619,6734979.15211565,2013
4298281619,7970706.58493921,2014
4298281619,6625658.5265712,2015
4298281619,6309441.80529318,2016
4298281619,6216107.40786722,2017
4298281619,6630680.88605844,2018
4298281619,6337942.01970183,2019
4298281619,6390616.15377293,2020
4298281638,354892.364999758,2017
4298281638,256372.620008706,2018
4298281638,209947.390692347,2019
4298281638,210926.598532723,2020
4298281666,92286935.7563728,2018
4298281666,103264313.724272,2019
4298281666,109578783.578478,2020
4298281666,133248551.843092,2021
4298281673,36425394.1149392,2012
4298281673,19741653.7242867,2013
4298281673,24808101.6570769,2014
4298281673,28570384.7471568,2015
4298281673,29069988.2572847,2016
4298281673,31179666.9646261,2017
4298281673,52379568.2207201,2018
4298281673,33213474.6139498,2019
4298281673,27212686.2176934,2020
4298281674,7804510.99953346,2012
4298281674,8261202.94169639,2013
4298281674,9084717.01988791,2014
4298281674,7848513.81122425,2015
4298281674,7809985.97019507,2017
4298281674,8284979.3059818,2018
4298281674,8079016.69139419,2019
4298281674,7980004.56477888,2020
4298281680,9148599.97108116,2014
4298281680,7447203.7810641,2015
4298281680,7301028.84622398,2016
4298281680,4850185.86103842,2017
4298281680,3171500.52052546,2018
4298281680,3033875.79064207,2019
4298281682,33985752.3847641,2019
4298281692,14967969.1602136,2018
4298281692,15224281.8132671,2019
4298281692,14756247.2671827,2020
4298281697,8218554.79278345,2013
4298281697,8838378.71726101,2014
4298281697,8509922.03879437,2015
4298281697,9683471.32920311,2016
4298281697,11100175.0908396,2017
4298281697,12813416.2778763,2018
4298281697,11394241.4747776,2020
4298281720,6667739.94266061,2013
4298281720,7090106.96195342,2014
4298281720,5375538.88428799,2015
4298281720,5730074.18752933,2016
4298281720,5918577.5030558,2017
4298281720,6582212.41878711,2018
4298281742,1908805.86232015,2012
4298281742,2218524.64097249,2013
4298281742,2001692.81381411,2014
4298281742,1763133.61064276,2015
4298281742,1768392.72977746,2016
4298281742,2036573.00980975,2017
4298281742,1722653.38632819,2019
4298281742,1323368.07304954,2020
4298281779,8946.26651679057,2011
4298281779,3419.17450678711,2012
4298281779,8661.67202212707,2013
4298281779,2070.05301782102,2014
4298281796,19981513.9760373,2010
4298281796,16298289.5654067,2011
4298281796,14514812.8082157,2012
4298281796,13824041.4157997,2013
4298281796,11829199.9089139,2014
4298281796,10021772.8536534,2015
4298281796,10686947.2735667,2017
4298281796,11518558.2828346,2018
4298281796,15241905.2160845,2019
4298281815,31639888.1518637,2012
4298281815,34909402.0672576,2013
4298281815,35229584.2032576,2016
4298281815,37739222.4972581,2017
4298281815,43284428.3163845,2019
4298281815,44848065.6884957,2020
4298281831,6034123.81511529,2012
4298281831,6146844.61454184,2013
4298281831,6499165.75313727,2014
4298281831,7143263.76793269,2017
4298281831,7666077.80417174,2018
4298281831,7212802.52386446,2020
4298281832,34629455.3953516,2011
4298281832,32360499.6264116,2012
4298281832,37500070.8931086,2013
4298281832,42087330.7835883,2014
4298281832,38827423.1732519,2017
4298281878,3416244.12697779,2010
4298281878,3603906.13924463,2011
4298281878,3293852.96776902,2012
4298281878,3527060.49370772,2013
4298281878,3850731.78185081,2014
4298281878,4139718.56748584,2017
4298281878,4665129.07199925,2019
4298281884,16823878.4977489,2013
4298281884,14066314.6547963,2014
4298281884,12280185.0850095,2017
4298281884,12080005.7494773,2018
4298281884,9140235.44009889,2019
4298281884,8319109.59960567,2020
4298281924,23040498.5453403,2012
4298281924,15305353.6109339,2013
4298281924,14901595.0012733,2014
4298281924,14978329.8303743,2015
4298281924,20775548.6254202,2016
4298281924,16523858.9856854,2017
4298281924,10415573.0351354,2018
4298281924,8986822.85111513,2019
4298281924,14586774.0815293,2020
4298281929,3267497.65285716,2014
4298281929,2732707.89740566,2015
4298281929,2346643.32480064,2017
4298281929,3018469.60523885,2018
4298281929,2395003.09370441,2019
4298281932,9795861.84128884,2014
4298281932,6144602.47056739,2015
4298342617,2880535.03131815,2014
4298342617,2110280.15248316,2015
4298342617,1544924.24421574,2016
4298342617,1594006.26047603,2017
4298342617,1607202.99370618,2018
4298342617,1514648.92366263,2019
4298342617,1503132.52936598,2020
4298342625,3222687.64003092,2012
4298342625,135487.936871068,2013
4298448770,1258073.71631004,2014
4298448770,915499.635569304,2015
4298448770,-1076741.83014192,2016
4298448770,696506.907693754,2017
4298448770,304885.237466884,2018
4298448770,344518.88910534,2019
4298448770,346644.657004877,2020
4298449594,39287.5167532899,2013
4298449594,30071.1604656198,2014
4298449594,6407.56808800011,2015
4298449594,7651.71824143547,2017
4298449594,6983.26555049179,2018
4298449594,7877.64426983387,2019
4298449837,184909.740776044,2012
4298449837,800692.529201706,2013
4298449837,1096982.33149395,2014
4298449837,1164642.1435769,2017
4298449837,1135485.52548045,2019
4298450130,8136777.03955953,2012
4298450130,5883336.51708489,2013
4298450130,6706817.22488686,2014
4298450130,3710086.62349718,2017
4298450130,1762336.56257612,2018
4298450130,5983262.22350292,2019
4298450130,3113563.8323873,2020
4298514488,9246438.09210102,2011
4298514488,7938913.9475674,2012
4298514488,4781463.29062453,2020
4298528711,5405592.98824856,2012
4298528711,4462958.0290888,2013
4298528711,4507418.28689831,2014
4298528711,3648965.71151949,2015
4298528711,3714675.82035138,2016
4298542697,222626.045347279,2010
4298542697,221648.72927308,2011
4298542697,8763.22634904242,2015
4298542697,5672.96198080136,2017
4298542697,9242.07285251751,2019
4298542697,9661.35275389353,2020
5000011542,184649676.570634,2012
5000011542,192681004.051056,2013
5000011542,204125324.657286,2014
5000011542,174795241.445364,2015
5000011542,179635210.841204,2016
5000011542,198494374.444555,2017
5000011542,220397142.790439,2018
5000011542,215920981.031204,2019
5000011542,206106461.294479,2020
5000020489,144320.079969062,2012
5000020489,260818.263416125,2013
5000020489,252418.155151468,2014
5000020489,233680.830724707,2017
5000020489,249486.163887654,2018
5000020489,225478.818923125,2019
5000020489,225805.584017955,2020
5000027027,2257227.69995888,2013
5000027027,2652189.21338543,2014
5000027027,2851738.57666202,2015
5000027027,3525782.12603039,2016
5000027027,2785009.59610993,2017
5000027027,758597.508492654,2018
5000027027,1062351.48186768,2019
5000054375,1677190.55908277,2013
5000054375,1870382.87679019,2014
5000054375,3000174.74044024,2019
5000054375,3456021.34748797,2020
5000067131,46450717.4118354,2010
5000067131,48513691.0822402,2011
5000067131,44135001.7216319,2012
5000067131,46523494.4315009,2013
5000067131,45274100.6939339,2014
5000067131,37890184.760367,2015
5000067131,42532661.7463721,2019
5000067131,39991794.2604147,2020
5000070839,36038155.1465466,2014
5000070839,70679293.7502638,2020
5000109607,437866.779437678,2017
5000109607,461786.881444989,2018
5000149401,44606.7155188895,2018
5000149401,234019.089707273,2019
5000177043,281179.975026876,2013
5000177043,370367.559797826,2014
5000177043,122017.275687862,2017
5000177043,188961.380842597,2018
5000177043,123550.743079398,2019
5000184593,10389767.7014136,2014
5000184593,12023206.1736209,2018
5000184593,12490865.0882287,2019
5000184593,10565251.8646958,2020
5000201815,4970442.47026353,2011
5000201815,3542381.8546903,2012
5000201815,3008205.45452065,2013
5000201815,2891314.58194888,2014
5000201815,2108445.13688207,2015
5000201815,2045231.20084525,2016
5000201815,1910855.87804118,2017
5000201815,1450194.62759292,2018
5000201815,1443182.63935109,2019
5000208251,932015.15417472,2012
5000208251,790000.937006851,2013
5000208251,921879.390749271,2014
5000208251,831716.103214703,2015
5000208251,1056977.91372931,2017
5000208251,819313.549190996,2018
5000208251,747902.741080915,2019
5000208251,781998.840979252,2020
5000250993,13598.9250682288,2017
5000250993,14455.9218244246,2018
5000250993,21654.7452766283,2019
5000250993,14228.862476212,2020
5000306917,1042725.13554301,2015
5000306917,1593525.71275942,2016
5000306917,3801082.93584953,2018
5000327650,4414368.87816847,2010
5000327650,2654790.37982208,2011
5000327650,3703368.34799328,2012
5000327650,4885216.81085233,2013
5000327650,5404397.77911732,2014
5000327650,4064825.9833514,2015
5000327650,2573221.89391742,2016
5000327650,3207264.42937933,2017
5000327650,3192782.06656319,2018
5000327650,3270243.17498959,2019
5000327650,3298638.55034699,2020
5000345767,3387175.29914617,2017
5000345767,7040128.10365728,2018
5000345767,12972218.003995,2019
5000345767,12395526.9978871,2020
5000374643,13767715.6268283,2013
5000374643,14257328.5576426,2014
5000374643,11797908.0993354,2015
5000374643,13261794.5664753,2016
5000374643,21290160.7242391,2017
5000374643,28983998.2141084,2018
5000437297,4942707.4618635,2010
5000437297,5921174.75192169,2011
5000437297,5511753.92602183,2012
5000437297,6459886.83605622,2013
5000437297,6844168.49231972,2014
5000437297,6865945.20276801,2017
5000437297,7367264.87477857,2018
5000437297,7328239.58394713,2019
5000437297,8091497.07780305,2020
5000444516,3317463.40220589,2012
5000444516,6983691.73093401,2014
5000444516,1407136.83774688,2018
5000444516,1216286.84466405,2019
5000444516,1046183.45448113,2020
5000656358,23868.8467046357,2017
5000656358,26150.0136869793,2018
5000656358,23235.6446902477,2020
5000666922,199197.859893271,2014
5000666922,135778.943245215,2015
5000671124,6604610.0820427,2014
5000671124,6224197.52114078,2015
5000671124,6410326.53767733,2016
5000671124,6291859.53146464,2017
5000671124,7101337.63632521,2018
5000671124,8771501.69370788,2019
5000680240,10404616.9259218,2010
5000680240,11671659.5147089,2011
5000680240,12935805.1736386,2012
5000680240,14356026.8300453,2013
5000680240,16624917.7091445,2014
5000680240,15980477.0316968,2015
5000680240,17320957.8348988,2016
5000680240,17862297.1788542,2017
5000680240,20299796.8913617,2018
5000680240,19194657.0587221,2019
5000680240,19569436.4130106,2020
5000685496,14379964.3605389,2013
5000685496,16899250.9630398,2014
5000685496,22991189.936222,2018
5000685496,22507122.5265714,2019
5000685496,27074337.3356246,2020
5000717117,13366.5921290381,2011
5000717117,7719.79006508603,2012
5000745152,18808640.1771832,2019
5000780800,1082358.77813189,2014
5000780800,919957.161858532,2015
5000780800,1186609.6156758,2018
5000780800,1131027.2448415,2019
5000780800,1075772.36023041,2020
5000788459,2347655.81779553,2018
5000788459,1969787.1527774,2019
5000788459,1849397.96894527,2020
5000991464,5306307.5758396,2010
5000991464,5019108.00444,2011
5000991464,4690961.36107736,2012
5000991464,5684635.48778483,2013
5000991464,5511679.21443337,2014
5000991464,5118991.59301557,2017
5000991464,5872624.09364729,2018
5000991464,5785612.59887944,2019
5000991464,5960885.71245481,2020
5001201540,-3494.0,2011
5001201540,22233000.0,2012
5001425634,6406303.28409726,2014
5001425634,5637823.30339046,2015
5001425634,671987.329418741,2017
5015725755,630601.007814347,2011
5015725755,882193.380611241,2012
5015725755,1068759.39724043,2013
5015725755,1100680.45459388,2014
5015725755,1030483.92741647,2015
5015725755,1139204.22043192,2017
5015725755,1121199.5876675,2018
5015725755,1237165.11638131,2019
5015725755,1099369.2565023,2020
5030534796,6118859.53203133,2010
5030534796,7062396.28730545,2011
5030534796,6953604.43759512,2012
5030534796,7609585.66413295,2013
5034817544,14135678.9106314,2012
5034817544,13737799.3590419,2013
5034817544,15729823.1438935,2014
5034817544,13069077.1226943,2017
5034817544,14947090.19973,2018
5034817544,13412175.1462625,2019
5034817552,4290475.24388639,2013
5034817552,3894995.02105195,2014
5034817552,1828420.14038773,2020
5035086734,3402354.28121614,2014
5035086734,2380481.07392238,2017
5035086734,1996600.03398566,2018
5035086734,2099511.96317598,2019
5035086734,2056572.57474382,2020
5035396357,106460.573136456,2012
5035396357,149764.64614058,2013
5035396357,74143.1174374518,2014
5035396729,4876322.4838812,2012
5035396729,3242080.21488293,2013
5035396729,3221902.25339075,2017
5035396729,3302914.5985797,2018
5035396729,3089920.33827419,2019
5035396729,3236139.96252398,2020
5035397553,1394808.46069444,2013
5035397553,1476215.29128062,2014
5035397553,1763052.00787174,2018
5035397553,1579162.10678006,2019
5035397553,1787879.89884622,2020
5035420943,9454314.53231649,2011
5035420943,4857406.04346826,2020
5035421021,699453.10274371,2012
5035424951,1599772.48629202,2013
5035424951,2162616.95931142,2014
5035424951,1883429.68071851,2019
5035455746,501884.298697756,2010
5035455746,805111.614532366,2011
5035455746,1102064.00972802,2012
5035455746,1564657.2010065,2013
5035455746,2897710.46743706,2018
5035455746,2681228.64604788,2019
5035455746,2394609.19910539,2020
5035457942,1716585.18811189,2020
5035553239,3824843.18589288,2017
5035553239,4106477.72584185,2018
5035588764,499166547.221738,2010
5035588764,466459256.469759,2011
5035707371,8506799.19076262,2019
5035707371,7722222.00343962,2020
5035742335,12157224.6438031,2011
5035742335,15988975.0714424,2012
5035742335,16593926.2459903,2013
5035742335,15704613.7400894,2014
5035742335,12978813.3509882,2015
5035742335,10344194.1431482,2017
5035742335,9803816.54145921,2018
5035742335,9599691.93457214,2019
5035742335,10349162.5372357,2020
5035940207,326347.809564589,2010
5035940207,366463.223811087,2011
5035940207,440938.51369759,2012
5035940207,469486.954267955,2013
5035940207,387536.468226933,2014
5035940207,369524.185208019,2015
5035940207,347873.487138651,2017
5035940207,382089.108959529,2018
5035940207,4728974.03209463,2019
5035940207,3425134.46845116,2020
5035947788,31891.8534078768,2011
5035947788,30175.7244506486,2012
5035947788,13732.4700456567,2014
5035947788,4056.95886674839,2017
5035947788,4287.94936253359,2018
5035947788,4313.78815230743,2019
5035947788,6720.9410461868,2020
5035970252,2127378.35704505,2010
5035970252,2556590.48298075,2011
5035970252,2730169.40623995,2012
5035970252,3033681.17159173,2013
5036204593,4327545.24556029,2014
5036204593,3616565.97447576,2015
5036204593,4576234.73270289,2016
5036204593,5924400.76462693,2017
5036204593,7292176.17561671,2018
5036204593,8846550.8622632,2019
5036215191,952100.797728145,2010
5036215191,2673133.24281249,2011
5036215191,4623048.29871901,2012
5036215191,7709460.19830352,2013
5036215191,9249240.99067287,2014
5036215191,6154594.19282719,2017
5036215191,6845802.06370032,2018
5036215191,4456059.25025722,2020
5036215333,574269.645261408,2010
5036215333,477272.272560812,2011
5036215333,399727.720356636,2012
5036215333,680461.505336187,2016
5036215333,673422.399789108,2017
5036215333,860278.105077888,2018
5036215333,877849.173185296,2019
5036215333,682406.091950754,2020
5036222332,1642846.06797967,2011
5036222332,1688491.56710768,2012
5036222332,1974825.67687395,2013
5036222332,1949577.70476969,2014
5036224430,107699.309649715,2018
5036224430,122482.929405993,2019
5036232206,297240.606351837,2017
5036232206,307299.10230558,2018
5036232206,334047.710830069,2019
5036232206,372064.812800403,2020
5036351108,1213984.52893287,2011
5036351108,1315927.03257579,2018
5036352324,-30878.8832182625,2015
5036352324,32824.0744411069,2017
5036352324,17967.5939835899,2018
5036381425,16202451.0998415,2011
5036381425,16459492.6108416,2012
5036381425,15115103.3096178,2013
5036381425,15438425.9211255,2014
5036381425,13846702.462891,2015
5036381425,15484089.8100125,2017
5036381425,13947228.1477463,2019
5036381425,15052928.6445838,2020
5036395521,1535392.59079567,2011
5036395521,1456690.8209771,2012
5036395521,1405925.1130834,2013
5036395521,1465184.68272392,2014
5036395521,1192398.97468695,2017
5036395521,1256373.88563353,2018
5036395521,1228918.10260181,2019
5036395521,1137514.70621043,2020
5036753402,30368369.9714147,2010
5036753402,35243533.3459998,2011
5036753402,32222774.3733051,2017
5036753402,36715036.0040199,2019
5036753402,38288664.6519653,2020
5036786510,6408847.90398291,2011
5036786510,5888254.118783,2012
5036786510,5883165.16469414,2013
5036786510,5894800.25120047,2014
5036786510,5273152.63973569,2017
5036786510,5088380.3505725,2018
5036786510,4573961.96120385,2019
5036786510,4207392.42179751,2020
5036786978,4336600.86016655,2017
5036786978,4956545.97792216,2018
5036786978,5174768.33191634,2019
5036786978,116917.892234854,2020
5036793801,11003995.6918331,2015
5036793801,9737962.95192875,2016
5036793801,10809052.2541086,2017
5036793801,11531187.730424,2018
5036793801,13403432.5447644,2019
5036793801,13666999.4185087,2020
5036793801,15671961.4392062,2021
5036854379,830322.956582417,2011
5036854379,1851659.09721732,2012
5036854379,1051742.36385236,2018
5036854379,735972.105918631,2019
5036854379,689745.706578299,2020
5036855936,1708454.48377442,2010
5036855936,2114051.85700858,2011
5036855936,2289356.91943331,2012
5036855936,2392972.00125952,2013
5036855936,2533830.67730416,2014
5036855936,2557574.36367401,2015
5036855936,3065125.08974124,2017
5036855936,3444120.59624099,2018
5036855936,3663904.88607703,2019
5036855936,4047262.12039393,2020
5036879015,2968813.00103194,2013
5036879015,3149291.87688958,2014
5036883884,3635744.63308864,2012
5036883884,4268961.88481224,2013
5036883884,3593320.43891397,2016
5036883884,3705846.59294898,2017
5036883884,3724661.33612867,2018
5037076794,15393787.1919728,2012
5037076794,17302472.6136759,2013
5037076794,18888300.6149365,2014
5037076794,17933129.2006444,2015
5037076794,18138845.9330878,2016
5037076794,17627356.5631916,2017
5037076794,18074016.3924346,2020
5037076794,16906993.7292008,2021
5037129775,23646653.9765944,2010
5037129775,20738395.7847105,2011
5037129775,16202038.9624591,2012
5037129775,16225942.3377616,2013
5037129775,7179438.50617321,2017
5037129775,6113835.4644722,2019
5037129775,4851847.11294942,2020
5037275186,344395.653608503,2019
5037317861,126736.178683482,2011
5037317861,119980.172162651,2012
5037317861,127026.582382159,2013
5037317861,129395.786382034,2014
5037317861,108137.147439393,2015
5037336269,13236391.8774406,2010
5037336269,13965134.2010429,2011
5037336269,12790705.7845276,2012
5037336269,12651794.4727388,2013
5037336269,13752127.7368412,2017
5037336269,15139881.4560495,2018
5037336269,14091879.9635416,2019
5037336269,16195266.0369219,2020
5037589273,16047968.5162943,2012
5037589273,18128026.7505261,2014
5037589273,24800946.3205275,2015
5037589273,22539966.2999809,2016
5037589273,16502733.4177035,2017
5037589273,20502269.0906253,2018
5037589273,12986855.1102918,2019
5037589273,12372322.1727295,2020
5037589824,181530.162516666,2012
5037589824,3218.11263092628,2016
5037631039,645154.124188646,2010
5037631039,835809.054797883,2012
5037631039,602328.891430717,2013
5037631039,770037.1660976,2014
5037639151,6875.64294,2017
5037639151,107617.49422,2018
5037639151,276257.0,2019
5037659593,21763.0,2017
5037840344,2343523.65360038,2014
5037840344,1901889.87502658,2015
5037840344,1802968.62765939,2016
5037840344,1924555.74220319,2017
5037840344,2031929.57271744,2018
5037840939,16953978.4073179,2012
5037840939,9653389.31231844,2013
5037840939,10979119.0999443,2014
5037840939,12494510.2165615,2015
5037840939,22874083.3512979,2017
5037840939,31039293.0968022,2018
5037840939,19454964.0645023,2019
5037840939,24493844.1204614,2020
5037935731,1499128.92811469,2015
5037935731,1641936.00878115,2017
5037935731,1893268.95468875,2018
5037935731,1910121.66464899,2019
5037935731,1863311.27574078,2020
5037947806,7318041.36844993,2014
5037947806,23120534.9973318,2015
5037951539,3038211.21652062,2020
5037961886,-832160.266696565,2013
5037961886,9267.72135548845,2017
5037967426,21130033.9813447,2013
5037967426,26099733.346757,2014
5037967426,35744362.3652617,2018
5037967426,38838212.708035,2019
5037967426,30184294.1902249,2020
5038058799,7168997.10993222,2010
5038058799,9869589.48740546,2011
5038058799,9947903.05947193,2012
5038058799,10676724.3862532,2013
5038058799,9919071.50724114,2014
5038058799,10539190.7919717,2018
5038058799,8066510.80583653,2019
5038058799,5188653.06322598,2020
5038071756,2510878.3858519,2013
5038071756,2477067.67575734,2014
5038071756,1926926.23730805,2015
5038071756,1882414.22323385,2017
5038071756,2057326.70010919,2018
5038071756,2205574.7389249,2019
5038071756,2253784.481247,2020
5038072574,773913.736973071,2013
5038072574,639429.925596622,2014
5038072574,1041611.19320841,2017
5038072574,3434189.70372959,2020
5039145537,10455.0879941945,2012
5039145537,21407.0940256287,2013
5039145537,23843.861222629,2014
5039145537,18228.0436599033,2015
5039189219,5256298.56003211,2010
5039189219,5514199.61513284,2011
5039189219,5570036.21913191,2012
5039189219,5817963.5875446,2013
5039189219,6447940.63779865,2014
5039189219,6837964.61738063,2017
5039189219,7155065.68906187,2018
5039189219,6942491.33477895,2019
5039189219,7226141.67418133,2020
5039610460,92596.3291431709,2012
5039610460,289755.564442951,2013
5039610460,211047.746551104,2017
5039612880,29932.0360122709,2012
5039612880,31521.3631553627,2013
5039612880,32578.0476860103,2014
5039612880,15171.3009282783,2019
5039612880,7223.18528197522,2020
5039612930,19360432.4097746,2011
5039612930,17715687.5082027,2012
5039612930,15479464.4248756,2017
5039612930,16268946.2195577,2018
5039612930,16102878.6798841,2019
5039612930,14893841.6414336,2020
5039612933,68513907.6460088,2015
5039612933,60923980.61998,2016
5039612933,68986201.3390309,2019
5039612933,65842090.1772731,2020
5039612933,57063804.9796917,2021
5039612967,5177998.72837001,2018
5039612975,7173881.69710462,2013
5039612975,6302243.35476347,2014
5039612975,8706425.23394216,2015
5039612975,7234586.10813566,2016
5039612975,6904548.46596805,2017
5039612975,8669593.72432637,2018
5039612975,7311986.20622018,2019
5039612975,8008534.32030001,2020
5039613023,411028.277381308,2011
5039613023,441756.402500088,2012
5039613023,621679.756767361,2013
5039613023,451765.743460167,2015
5039613023,495663.490123539,2016
5039613023,497808.064175858,2017
5039613023,966409.574211786,2018
5039613023,465424.610308257,2019
5039613023,563311.427539426,2020
5039613031,124197.792183599,2010
5039613031,239285.669116677,2011
5039613031,251974.050603503,2012
5039613031,626523.277246232,2017
5039613031,772063.464007263,2018
5039613031,583986.626404044,2019
5039613031,474212.158646389,2020
5039613237,1384647.93108315,2010
5039613237,1698640.45129162,2011
5039613237,1698859.20787141,2012
5039613237,1530572.68669168,2013
5039613237,1502402.35981226,2014
5039613237,1307382.56409251,2015
5039613237,1001855.56469365,2016
5039613237,997319.147018065,2017
5039613237,936823.668092543,2018
5039613237,884868.313170538,2019
5039613237,1178964.69469721,2020
5039937952,26885392.5198942,2012
5039937952,28333441.9186961,2013
5039937952,28355872.9397283,2014
5039937952,18951558.2413863,2016
5039937952,29834778.3198664,2017
5039937952,31469879.0075002,2018
5039937952,29314519.761443,2019
5039937952,22741956.8698945,2020
5040038666,8825358.3939757,2012
5040038666,8368934.44789238,2013
5040038666,8075632.85780692,2014
5040038666,6807194.07782944,2015
5040038666,4085133.92427719,2016
5040038666,3499925.98355065,2017
5040038666,4512670.02152646,2018
5040038666,5069070.4484709,2019
5040038666,3911975.78669928,2020
5040044234,44238379.1530731,2014
5040044234,40661062.7584549,2015
5040044234,57626367.0577322,2017
5040044234,54472210.2923274,2018
5040044234,51352966.3766582,2020
5040046550,1646487.3187492,2012
5040046550,388380.155980235,2013
5040053957,2651938.15545946,2014
5040053957,2319627.34672627,2015
5040053957,2458887.49101703,2018
5040053957,3003953.5024543,2019
5040053957,3125650.79650722,2020
5040055078,4258521.65718929,2018
5040055078,5693028.5883313,2020
5040186654,16207.3152116908,2018
5040186654,15561.649372478,2019
5040188570,5893475.27444095,2011
5040188570,5972500.52340633,2012
5040188570,6490141.82368478,2013
5040188570,4665466.5344532,2017
5040188570,4794654.63863615,2018
5040188570,5093363.76919163,2019
5040188570,5564857.00082227,2020
5040190166,1140290.49014443,2010
5040190166,4927500.97550542,2012
5040190166,6127873.64675367,2013
5040190166,9346093.55944525,2014
5040190166,3759114.80189102,2017
5040190166,4198784.33621053,2018
5040190166,5203208.66485925,2019
5040190166,4234187.15177682,2020
5040251921,1303348.79005405,2013
5040251921,1148584.69789592,2014
5040251921,1052652.86967519,2015
5040251921,1057197.14771821,2017
5040251921,1100142.3561614,2018
5040251921,1055470.0159724,2019
5040251921,1001930.45036683,2020
5040257458,420336.159504497,2011
5040257458,8369.21435008827,2012
5040272630,696106.584470489,2014
5040276207,-617974.667098659,2015
5040933966,719068.197868778,2011
5040933966,712110.591724106,2012
5040933966,640235.438919748,2013
5040933966,728351.239119305,2014
5040933966,611925.329461829,2015
5040933966,587540.52491241,2016
5040933966,668127.851174369,2017
5040933966,767387.462903856,2018
5040933966,829089.900609092,2019
5040933966,804094.291768917,2020
5040934228,915811.26095365,2011
5040934228,1442979.05065409,2012
5040934228,1676296.13989044,2013
5040934228,1551088.90411224,2014
5040934228,1249704.90806606,2015
5040934228,992025.8274586,2016
5040934228,817811.741703917,2017
5040934228,1116893.09905334,2018
5040934228,1170098.47819533,2019
5040934387,1671869.29902095,2011
5040934387,1552084.44339287,2012
5040934387,1472762.92640039,2013
5040934387,1381575.33993784,2014
5040934387,1098681.28927749,2015
5040934387,1011689.96267372,2016
5040934387,1118390.55747604,2017
5040934387,1276519.52963814,2018
5040934387,1302725.56340732,2019
5040934387,1392526.20683579,2020
5040934389,1825368.20110079,2011
5040934389,1640711.06367753,2012
5040934389,1745446.33627283,2013
5040934389,1749889.31881067,2014
5040934389,1284260.10643909,2015
5040934389,1203087.54543423,2016
5040934391,20907.3009817711,2011
5040934391,17725.3240569316,2012
5040934391,17713.3507974604,2013
5040934394,1004962.90439376,2010
5040934394,1081282.72000596,2011
5040934394,1242149.40818381,2012
5040934394,892821.008464304,2013
5040934440,1955815.46363662,2011
5040934440,2364007.53951524,2012
5040934440,2873139.56348423,2013
5040934440,2784479.14710514,2014
5040934440,1912592.94016436,2015
5040934440,1256836.1816889,2016
5040934440,1255842.99740406,2017
5040934440,1918345.67849956,2018
5040934440,1991112.45852135,2019
5040934642,1114519.96772057,2011
5040934642,1071435.60755783,2012
5040934642,1068762.27167369,2013
5040934642,993842.905826255,2014
5040934642,689363.777614321,2015
5040934642,746045.372403993,2016
5040934642,659287.297769306,2017
5040934642,688927.01397234,2018
5040934798,279300.09773084,2011
5040934798,315441.932003453,2012
5040934798,334680.137663555,2013
5040934798,336957.948692213,2014
5040934798,583336.496275516,2015
5040934798,570855.804123822,2016
5040934798,924867.210335083,2017
5040934798,618337.205685991,2018
5040934798,298467.814405029,2019
5040934798,472174.748595437,2020
5040934829,709239.979458544,2011
5040934829,847029.563186576,2012
5040934829,975596.859306283,2013
5040934832,1260692.37971278,2011
5040934832,1138378.82171459,2012
5040934832,1169762.43535537,2013
5040935378,807849.593056876,2010
5040935378,895618.739492623,2011
5040935378,895903.272236756,2012
5040935378,864888.416822155,2013
5040935378,847090.317874332,2014
5040935378,726032.063657636,2015
5040935378,845676.990827274,2016
5040935378,924988.313806385,2017
5040935378,861466.214365626,2018
5040935473,277691.843809165,2011
5040935473,271042.576598711,2012
5040935473,307769.470105875,2013
5040935509,2281933.61997622,2011
5040935509,2184517.1221232,2012
5040935509,2181467.27897955,2013
5040935509,2199537.97495404,2014
5040935509,1807560.05302334,2015
5040935509,1815655.15152953,2016
5040935509,1821032.89797154,2017
5040935509,2015252.94144319,2018
5040935509,2028875.91674638,2019
5040935509,1854568.45009656,2020
5040935598,2311954.35984748,2011
5040935598,2167480.16016557,2012
5040935598,1483152.48792582,2013
5040935598,1321250.79456498,2014
5040935598,1108998.12907951,2015
5040935598,1077832.96294277,2016
5040935598,1219511.95601339,2017
5040935598,1379083.81554549,2018
5040935707,1601106.12646726,2011
5040935707,1562065.6938327,2012
5040935707,1444830.33475824,2013
5040935707,1436965.68766807,2014
5040935707,1169656.17514439,2015
5040935707,1216196.96891098,2016
5040935707,1274614.03545591,2017
5040935707,1310215.70990027,2018
5040935707,1279749.00147522,2019
5040935707,1278615.51528396,2020
5040935710,646710.704394598,2010
5040935710,684222.696232493,2011
5040935710,635874.489226818,2012
5040935710,665442.89966998,2013
5040935710,505516.506871266,2014
5040935710,394774.496520571,2015
5040935710,507334.688550127,2016
5040935710,427737.460639454,2017
5040935710,468918.012187885,2018
5040935733,715136.910504684,2011
5040935733,755133.222930251,2012
5040935733,843428.011048309,2013
5040935733,823215.167990613,2014
5040935733,653068.389395176,2015
5040935733,819696.497027902,2016
5040935733,1020417.84919254,2017
5040935733,1193385.88782356,2018
5040935733,982646.131343386,2019
5040935733,962161.374989707,2020
5040935778,2452765.92543411,2011
5040935778,2571204.53140403,2012
5040935778,2820340.15245334,2013
5040935778,2752168.11092917,2014
5040935778,2097923.15877651,2015
5040935778,2418092.7485746,2016
5040935778,2544262.82858842,2017
5040935778,2393781.56497172,2018
5040935778,2522075.78079371,2019
5040935778,2465931.82460504,2020
5040935786,804663.04547791,2011
5040935786,796090.767838501,2012
5040935786,1078300.2297954,2013
5040935786,1210151.76377274,2014
5040935786,1005456.83323517,2015
5040935786,989642.295917373,2016
5040935786,1043064.19832605,2017
5040935786,1214046.31951713,2018
5040935786,1245966.63071368,2019
5040935786,1214834.06065101,2020
5040935805,1245842.33363891,2010
5040935805,1545710.71360958,2011
5040935805,1469308.90095225,2012
5040935805,1520452.71700894,2013
5040935805,1465615.86752853,2014
5040935805,1364681.73718493,2015
5040935805,1407117.84536325,2016
5040935805,1440767.99808256,2017
5040935805,1716414.55444697,2018
5040935805,1854959.26727028,2019
5040935805,1844329.286811,2020
5040935981,1593422.24661926,2011
5040935981,1749128.09431702,2012
5040935981,1701503.60064067,2013
5040935981,1531829.61653938,2014
5040935981,987433.438400319,2015
5040935981,814691.080791325,2016
5040935981,893985.825153016,2017
5040935981,1054788.82521256,2018
5040935981,1060561.70027153,2019
5040936224,2770128.03264458,2011
5040936224,2730560.35739159,2012
5040936224,3098814.46547111,2013
5040936224,3071458.44870744,2014
5040936224,2732098.05841377,2015
5040936224,2589349.48981175,2016
5040936224,2605056.77118214,2017
5040936224,2926402.57488143,2018
5040936224,2379552.84960107,2019
5040936224,2342101.94362033,2020
5040936236,1075207.09407963,2011
5040936236,1421295.64452619,2012
5040936236,1925645.61650084,2013
5040936236,1783155.36098199,2014
5040936236,1429441.65931567,2015
5040936236,1473141.66905523,2016
5040936236,1478310.07418625,2017
5040936236,1482262.99525323,2018
5040936236,1189890.17015663,2019
5040936236,1077885.25170668,2020
5040936237,1803687.98988199,2014
5040936237,1826702.1413307,2015
5040936237,1674788.43744302,2016
5040936237,1804683.92934574,2017
5040936237,1622212.82422512,2018
5040936237,1347654.97906661,2019
5040936237,1158518.66258045,2020
5040936277,871137.540907131,2011
5040936277,960781.400095622,2012
5040936277,931143.161631887,2013
5040936277,838336.096250301,2014
5040936277,570533.670979036,2015
5040936277,602795.126776261,2016
5040936277,700825.788425969,2017
5040936277,709710.424425986,2018
5040936277,596253.156673461,2019
5040936277,578192.751781311,2020
5040936425,708346.505057613,2011
5040936425,558605.843580582,2012
5040936425,717050.065935658,2013
5040936425,699223.556261169,2014
5040936425,645859.031461236,2015
5040936425,669176.480199428,2016
5040936425,645723.708983457,2017
5040936425,732707.452561085,2018
5040936425,649940.964752414,2019
5040936425,639307.757641981,2020
5040936593,2364848.04438256,2011
5040936593,2239586.09006707,2012
5040936593,2116915.74097727,2013
5040936593,1857009.15795562,2014
5040936593,1490224.00465526,2015
5040936593,1412838.32106219,2016
5040936593,1551335.46738149,2017
5040936593,1416715.31613019,2018
5040936593,1221625.12450839,2019
5040936593,1398712.36798748,2020
5040936670,2454374.17935578,2011
5040936670,2605450.54584412,2012
5040936670,2567924.90358953,2013
5040936670,2064245.4589463,2014
5040936670,1713838.39988212,2015
5040936670,1843542.47056188,2016
5040936670,1693510.9426903,2017
5040936670,1833736.291564,2018
5040936670,1900571.15506617,2019
5040936670,1893711.91807363,2020
5040936695,946276.519016756,2010
5040936695,1359153.25869531,2011
5040936695,1290334.75513469,2012
5040936695,1711382.20012387,2013
5040936695,1768830.27105176,2014
5040936695,1559582.99995076,2015
5040936695,1619013.79937831,2016
5040936695,1742315.64162509,2017
5040936695,1801023.94138253,2018
5040936695,1748948.59538557,2019
5040936695,1288534.70471684,2020
5040936962,2991016.28523131,2010
5040936962,3930929.97433335,2011
5040936962,4440107.63099895,2012
5040936962,4960589.82669265,2013
5040936962,4459082.15994915,2014
5040936962,3259499.88106389,2015
5040936962,3929385.56878348,2020
5040936963,1796955.7151512,2011
5040936963,2000552.35108573,2012
5040936963,2786446.33698512,2013
5040936963,3214550.18034386,2014
5040936963,1735963.67078284,2015
5040936963,1912307.35552627,2016
5040936963,2238718.77049291,2017
5040936963,2213617.68145343,2018
5040936963,2463496.92240248,2019
5040936963,2256028.97725111,2020
5040937024,857020.64537243,2011
5040937024,1071951.8791323,2012
5040937024,1198716.95108199,2013
5040937024,1276206.3451177,2014
5040937024,1196629.1177593,2015
5040937024,1327507.89188627,2016
5040937024,1542979.32786163,2017
5040937024,1658491.55844894,2018
5040937024,1921727.79130067,2019
5040937024,1862994.42821696,2020
5040937027,1901134.83029968,2011
5040937027,2285190.07914558,2012
5040937027,2261688.31961036,2013
5040937027,2192693.76532071,2014
5040937027,1767535.6865625,2015
5040937027,1715189.29706682,2016
5040937027,1958122.02748566,2017
5040937027,1908015.46265278,2018
5040937027,1736550.35157072,2019
5040937027,1358715.63640327,2020
5040937038,841652.885676428,2011
5040937038,834811.135924031,2012
5040937038,795567.899759016,2013
5040937038,785810.766506121,2014
5040937038,577743.028912976,2015
5040937038,552860.14098756,2016
5040937038,598372.251704288,2017
5040937038,583903.152863382,2018
5040937050,1488707.04683022,2011
5040937050,1733467.85655798,2012
5040937050,1524029.45130458,2013
5040937050,1473255.91549132,2014
5040937050,1389790.190679,2015
5040937050,1326912.00900097,2016
5040937050,1377794.1930054,2017
5040937050,1033144.56343835,2018
5040937078,564139.736747448,2011
5040937078,521262.199693649,2012
5040937078,522373.527844338,2013
5040937078,463018.740078247,2014
5040937078,367925.853180381,2015
5040937078,361581.734804108,2016
5040937078,379780.486003774,2017
5040937078,407305.653387431,2018
5040937078,384800.539684532,2019
5040937078,276777.382562719,2020
5040937092,452276.741750964,2011
5040937092,476862.844288907,2012
5040937092,476557.264723984,2013
5040937092,483392.201312354,2014
5040937092,369914.64157595,2015
5040937092,397692.237653694,2016
5040937092,450747.120186877,2017
5040937092,436205.662006406,2018
5040937101,1213515.08745667,2010
5040937101,1249434.60226106,2011
5040937101,1683561.60435885,2012
5040937101,1518749.51020149,2013
5040937101,725652.000042925,2017
5040937101,918774.316563254,2018
5040937101,1327408.3056809,2019
5040937137,1142753.75878997,2011
5040937137,1130634.74809748,2012
5040937137,1058032.06878677,2013
5040937137,1069447.5471247,2014
5040937137,669973.090757517,2015
5040937137,577410.515862196,2016
5040937137,606728.391224141,2017
5040937137,510115.896814935,2018
5040937137,509010.468545162,2019
5040937241,3144851.19639479,2011
5040937241,3427699.07345596,2012
5040937241,3504007.36496302,2013
5040937241,3066842.58639658,2014
5040937241,1807684.35229807,2015
5040937241,1645113.46975475,2016
5040937241,2122217.23110017,2017
5040937241,2934396.19428668,2018
5040937241,2176403.6436074,2019
5040937241,1676129.69825554,2020
5040937274,1286245.74757939,2011
5040937274,410952.173281094,2012
5040937274,407407.06834159,2013
5040937274,362265.607568955,2014
5040937274,305154.719445214,2015
5040937274,240259.979355663,2016
5040937274,386077.866511489,2017
5040937274,241284.327278424,2018
5040937274,318373.251722438,2019
5040937274,254059.239022889,2020
5040937450,3997761.85952294,2011
5040937450,4358020.45065763,2012
5040937450,4590142.34607268,2013
5040937450,4426452.78844141,2014
5040937450,3819343.81441674,2015
5040937450,3345644.04784302,2016
5040937450,3418629.89139047,2017
5040937450,3447832.5176238,2018
5040937450,3146537.78577985,2019
5040937450,3410921.26950126,2020
5040937492,2693646.62392494,2011
5040937492,3171972.55356663,2012
5040937492,3462789.76022277,2013
5040937492,3371171.16358105,2014
5040937492,2234279.46314775,2015
5040937492,1440844.81667161,2016
5040937492,1702351.49609536,2017
5040937492,1791062.66181599,2018
5040937492,2222925.49425209,2019
5040937492,1721672.64328609,2020
5040937497,338358.510040855,2010
5040937497,698160.896887007,2011
5040937497,876284.952406754,2012
5040937497,918198.789895281,2013
5040937497,990659.552508425,2014
5040937497,826963.074732795,2015
5040937497,663098.4747693,2016
5040937497,822898.087498611,2017
5040937497,1040646.26780327,2018
5040937497,1030077.94483687,2019
5040937497,833531.886214894,2020
5040937520,3548522.93073514,2011
5040937520,3139791.62542444,2012
5040937520,2776908.37886341,2013
5040937520,0.0,2014
5040937520,0.0,2015
5040937520,0.0,2016
5040937520,0.0,2017
5040937524,1381490.11871857,2011
5040937524,1482559.87136374,2012
5040937524,1610041.39508071,2013
5040937524,1475325.09514791,2014
5040937524,1216392.70244027,2015
5040937524,1271733.25382157,2016
5040937536,1035000.74603776,2011
5040937536,1108262.97987029,2012
5040937536,1133654.45103747,2013
5040937536,1082499.2957278,2014
5040937536,845607.96594126,2015
5040937536,818385.554680227,2016
5040937536,911182.518077932,2017
5040937536,885938.987621695,2018
5040937540,711920.402661335,2011
5040937540,754961.132405426,2012
5040937540,810896.761026049,2013
5040937540,740447.981727056,2014
5040937540,720438.596295097,2015
5040937540,612686.782672353,2016
5040937540,713057.239027494,2017
5040937540,783374.701714353,2018
5040937540,751288.077037049,2019
5040937540,736899.782707448,2020
5040937553,2028901.66963273,2011
5040937553,2106904.29542732,2012
5040937553,1507508.34527233,2013
5040937553,785969.934172012,2014
5040937553,630570.220670294,2015
5040937553,601484.184428587,2016
5040937553,743817.520738258,2017
5040937553,879175.155817254,2018
5040937553,813393.041467364,2019
5040937553,857316.609263637,2020
5040937555,1008911.2935306,2011
5040937555,1009827.19967063,2012
5040937555,1268889.07154885,2013
5040937555,1130567.93082702,2014
5040937555,972890.423257716,2015
5040937555,965449.450773921,2016
5040937555,1078910.82583151,2017
5040937555,1075818.19318637,2018
5040937555,1114135.76299438,2019
5040937555,1178996.98915156,2020
5040937614,1543387.68016716,2011
5040937614,1844294.15454501,2012
5040937614,1738292.86768155,2013
5040937649,670463.190458165,2011
5040937649,832057.687526837,2012
5040937649,836615.183818516,2013
5040937649,1141550.49977353,2014
5040937649,591950.058263679,2016
5040937649,583355.421262812,2017
5040937649,609359.756200097,2018
5040937708,1982822.03038292,2015
5040937708,1862253.19316051,2016
5040937708,1896117.05017892,2017
5040937708,2421943.70103021,2018
5040937708,2271608.50666267,2019
5040937708,1865447.56108746,2020
5040937711,1027495.56106995,2011
5040937711,1098109.63890564,2012
5040937711,1141659.52303247,2013
5040937711,1120858.70320764,2014
5040937711,1135971.07169443,2015
5040937711,1358374.62534516,2016
5040937711,1761934.40397605,2017
5040937711,2020664.00688674,2018
5040937711,2098715.56539146,2019
5040937711,2228297.9100194,2020
5040937814,1262836.71827501,2011
5040937814,2039272.71917126,2012
5040937814,2329305.62986605,2013
5040937814,2724472.93706406,2014
5040937814,2203080.34519225,2015
5040937814,3119208.55142647,2016
5040937814,2601423.66704307,2017
5040937814,3221059.6840349,2018
5040937814,3616078.61575849,2019
5040937814,3388843.07366677,2020
5040937980,1445820.27558556,2011
5040937980,2175224.23378267,2012
5040937980,2347018.98066351,2013
5040937980,2639636.57114391,2014
5040937980,2286236.55998201,2015
5040937980,2368872.82224827,2016
5040937980,2550681.31256744,2017
5040937980,2853722.12767371,2018
5040937980,2656067.8102789,2019
5040937980,2605867.05617432,2020
5040937986,1790165.30970413,2011
5040937986,1851177.77553799,2012
5040937986,1845765.21723153,2013
5040937986,1651682.86895564,2014
5040937986,1317572.31206488,2015
5040937986,1344550.14240605,2016
5040937986,1249061.20301114,2017
5040937986,1330138.26903335,2018
5040937986,1229018.57265485,2019
5040937999,2086620.11593283,2011
5040937999,2570860.35035438,2012
5040937999,3919078.86393812,2013
5040937999,4018665.22842749,2014
5040937999,2863233.79324664,2015
5040937999,2251603.07041991,2016
5040937999,2260154.0849134,2017
5040937999,3093530.70983117,2018
5040937999,3729710.22650187,2019
5040937999,4196777.05166778,2020
5040938038,1550535.4753746,2011
5040938038,1630041.45113841,2012
5040938038,1653984.13071287,2013
5040938038,1620008.50344324,2014
5040938038,1403214.51234909,2015
5040938038,1423325.85984359,2016
5040938038,1498776.56083632,2017
5040938038,1550147.2708178,2018
5040938038,1488016.74849336,2019
5040938038,1579924.22655166,2020
5040938057,1688666.61775844,2011
5040938057,1933092.86535449,2012
5040938057,1676977.42261342,2013
5040938057,1558569.78440914,2014
5040938057,1138332.75791416,2015
5040938057,1251830.76545232,2016
5040938057,1267105.62023517,2017
5040938057,1431226.80981972,2018
5040938057,1329910.70351509,2019
5040938057,1143799.86535746,2020
5040938066,2267459.33468114,2011
5040938066,2404104.63179936,2012
5040938066,2382105.04089694,2013
5040938066,2333079.64663697,2014
5040938066,1836521.78403383,2015
5040938066,1803141.61093809,2016
5040938066,1920943.26179587,2017
5040938066,2107609.99026383,2018
5040938066,1931054.91050083,2019
5040938066,1885179.28200234,2020
5040938088,675722.335583794,2010
5040938088,792154.403864884,2011
5040938088,1114974.51033844,2012
5040938088,1240275.19718372,2013
5040938088,1379506.16028125,2014
5040938088,873202.404929789,2015
5040938088,907648.810899171,2016
5040938088,971734.253729044,2017
5040938088,1080983.30110976,2018
5040938088,991632.014475245,2019
5040938088,981039.832297454,2020
5040938144,623287.74208904,2011
5040938144,587344.961226287,2012
5040938144,722500.327719492,2013
5040938144,561225.189933276,2014
5040938144,411679.197882912,2015
5040938144,432730.151309728,2016
5040938144,484171.678266291,2017
5040938153,2029370.91107443,2013
5040938153,1844434.9123502,2014
5040938153,1416017.33764557,2015
5040938153,1599945.5470485,2016
5040938153,1793300.20304333,2017
5040938153,1967660.16129194,2018
5040938153,1806958.7269963,2019
5040938153,1698847.84179537,2020
5040938156,0.0,2011
5040938156,0.0,2012
5040938156,0.0,2013
5040938156,0.0,2014
5040938156,0.0,2015
5040938156,0.0,2016
5040938156,0.0,2017
5040938156,0.0,2018
5040938156,0.0,2019
5040938156,0.0,2020
5040938167,3092493.59650027,2011
5040938167,3308440.33975252,2012
5040938167,3546076.57310698,2013
5040938167,3616130.201388,2014
5040938167,2550123.92021915,2015
5040938167,2135644.26093923,2016
5040938167,2025334.45405839,2017
5040938167,2195662.78248164,2018
5040938210,2385576.65048414,2011
5040938210,3082313.39013303,2012
5040938210,3306435.37529903,2013
5040938210,3401572.18776632,2014
5040938210,2795614.98779728,2015
5040938210,3285534.61093341,2019
5040938213,2863764.14986209,2011
5040938213,2951524.59126635,2012
5040938213,2480039.43232521,2013
5040938213,2656826.67906019,2014
5040938213,2060136.17926069,2015
5040938213,1963672.46023971,2016
5040938213,2068931.70372719,2017
5040938213,2245961.09535467,2018
5040938213,2201996.34872979,2019
5040938241,5954113.40780012,2011
5040938241,6529458.69289416,2012
5040938241,6725452.72057039,2013
5040938241,5916102.97351955,2014
5040938241,4541025.40345907,2015
5040938256,0.0,2011
5040938256,0.0,2012
5040938256,0.0,2013
5040938256,0.0,2014
5040938256,0.0,2015
5040938256,0.0,2016
5040938256,0.0,2017
5040938256,0.0,2018
5040938256,0.0,2019
5040938256,0.0,2020
5040938302,2153452.00112243,2011
5040938302,2575678.88504947,2012
5040938302,2696687.33823261,2013
5040938302,2787821.66808886,2014
5040938302,2421349.87160602,2015
5040938302,2105015.88063446,2016
5040938302,1914524.77781686,2017
5040938302,1958805.69056612,2018
5040938302,2351685.2373567,2019
5040938302,2132732.38602086,2020
5040938307,2378250.16039651,2011
5040938307,2692012.07983088,2012
5040938307,2680847.51492334,2013
5040938307,2657622.51738965,2014
5040938307,1637145.74737797,2015
5040938307,1800758.07939686,2016
5040938307,1260808.23972745,2017
5040938307,1577817.49183597,2018
5040938307,1147008.17090713,2019
5040938307,597071.209089057,2020
5040938343,3093565.76578138,2011
5040938343,2968561.55322398,2012
5040938343,2684594.56989973,2013
5040938343,2576606.1754509,2014
5040938343,2003207.11143751,2015
5040938343,1687301.97803446,2016
5040938343,1826845.86459405,2017
5040938343,1891782.26632212,2018
5040938343,2059587.16289324,2019
5040938343,1794733.33964658,2020
5040938348,2645935.09091526,2011
5040938348,2777368.98014387,2012
5040938348,2473737.56713765,2013
5040938348,2318277.05370906,2014
5040938348,2033287.5359205,2015
5040938348,1814105.85602773,2016
5040938348,2036839.2838321,2017
5040938348,2147209.15100983,2018
5040938348,2025691.0467756,2019
5040938348,1746097.31404018,2020
5040938350,380888.224478255,2014
5040938350,2004823.00200891,2015
5040938350,1874528.38059783,2016
5040938350,1917915.67501332,2017
5040938350,1875180.13371122,2018
5040938350,1792968.04819606,2019
5040938350,1617467.82526537,2020
5040938369,373829.689349275,2011
5040938369,961986.033769394,2012
5040938369,978662.631559689,2013
5040938460,1476774.91790492,2010
5040938460,1993520.08335589,2011
5040938460,2604245.91217035,2012
5040938460,2750338.35266722,2013
5040938460,2164043.58546024,2014
5040938537,731755.53436199,2011
5040938537,831197.234902714,2012
5040938537,896568.06344069,2013
5040938537,976175.294912303,2014
5040938537,782712.532931371,2015
5040938537,837572.983587103,2016
5040938537,986508.877227915,2017
5040938537,1042859.88548473,2018
5040938537,1031442.88911006,2019
5040938537,1003651.31788639,2020
5040938605,1679059.70748898,2014
5040938605,1630309.2872682,2015
5040938605,1723531.65746111,2016
5040938605,2364424.17370462,2017
5040938605,2169591.28534452,2018
5040938605,2725907.45892398,2019
5040938605,3030579.01662316,2020
5040938619,2145946.81615461,2011
5040938619,2512865.8434885,2012
5040938619,2640992.47562905,2013
5040938619,2596342.96602144,2014
5040938619,2343662.82490408,2015
5040938619,2445622.53787577,2016
5040938619,2374354.6583514,2017
5040938619,2703565.06161512,2018
5040938619,2904828.90406846,2019
5040938619,2451852.9750874,2020
5040938881,454599.775193383,2011
5040938881,493555.625196891,2012
5040938881,491715.805310272,2013
5040938881,500741.476894522,2014
5040938881,319076.238214202,2015
5040938881,312123.455323651,2016
5040938881,320803.095479591,2017
5040938881,383816.710212009,2018
5040938881,332250.185166574,2019
5040938881,266218.245424488,2020
5040938883,413954.531882417,2010
5040938883,503026.08772381,2011
5040938883,548280.412091107,2012
5040938883,560184.718969686,2013
5040938883,501537.31522398,2014
5040938883,425725.015926623,2015
5040938883,490411.614607417,2016
5040938883,449899.395887761,2017
5040938883,501261.426089121,2018
5040938883,742529.684617389,2019
5040938883,760471.189854408,2020
5040938925,1205296.9668551,2011
5040938925,1651208.58569183,2012
5040938925,1553665.24975417,2013
5040938925,1573213.20967116,2014
5040938965,2063925.8661492,2011
5040938965,2368653.9836855,2012
5040938965,2446315.93753773,2013
5040938965,2567851.95382687,2014
5040938965,1576239.10276365,2015
5040938965,1448948.82391178,2016
5040938965,1585365.54281741,2017
5040938965,1965692.50113065,2018
5040938965,2003396.9569801,2019
5040938965,1683809.07071971,2020
5040939008,423506.866041005,2011
5040939008,408887.086983199,2012
5040939008,600380.399625462,2013
5040939008,678850.095027062,2014
5040939008,663633.827746639,2015
5040939008,980465.69948365,2016
5040939008,1005764.32916497,2017
5040939008,995144.126573397,2018
5040939008,963423.166162575,2019
5040939008,719834.510564853,2020
5040939135,2603941.79407153,2011
5040939135,2440415.73253735,2012
5040939135,2821532.39721855,2013
5040939135,2748348.08694778,2014
5040939135,2357957.24149724,2015
5040939135,3365308.18305814,2016
5040939135,2606025.59895255,2017
5040939135,2777229.33890349,2018
5040939135,2813832.61918887,2019
5040939135,3119745.06356822,2020
5040939142,939220.290258026,2011
5040939142,927395.838279654,2012
5040939142,1070465.47848114,2013
5040939142,1150782.22439523,2014
5040939142,922797.815544306,2015
5040939142,999295.598659342,2016
5040939142,1160776.77243181,2017
5040939142,1526412.37012222,2018
5040939142,1563657.41029952,2019
5040939177,1234245.53744524,2011
5040939177,1303241.54449653,2012
5040939177,1386069.69990128,2013
5040939177,1445401.57396032,2014
5040939177,1186560.87650673,2015
5040939177,1213098.37790739,2016
5040939177,1335771.28846353,2017
5040939177,1975161.86565686,2018
5040939177,1779091.11475193,2019
5040939177,1678156.19932248,2020
5040939243,4682520.64039599,2011
5040939243,4898728.87965645,2012
5040939243,5142832.9550896,2013
5040939243,5427139.90390099,2014
5040939243,4396465.3469561,2015
5040939243,3600681.92275429,2016
5040939243,3368250.84732875,2017
5040939243,3412783.57100078,2018
5040939243,3688079.42616946,2019
5040939243,3754253.2134201,2020
5040939314,2170606.70962029,2011
5040939314,2221344.49443566,2012
5040939314,2513592.60643193,2013
5040939314,2559416.06753462,2014
5040939314,2040994.09095333,2015
5040939314,1930779.72497078,2016
5040939314,2200934.48744662,2017
5040939314,2252601.94839903,2018
5040939314,2409695.36896743,2019
5040939314,2192674.15442173,2020
5040939315,354351.947408993,2011
5040939315,336609.066556876,2012
5040939315,365508.180878366,2013
5040939319,1483524.89530482,2011
5040939319,1600097.69981893,2012
5040939319,1827370.58371109,2013
5040939319,1838227.37338043,2014
5040939319,1463996.85768869,2015
5040939319,1232047.45366014,2016
5040939319,1304889.90328146,2017
5040939319,1341452.31496078,2018
5040939319,1352887.26544719,2019
5040939434,2030509.92355441,2011
5040939434,1966478.42717046,2012
5040939434,1876593.26044634,2013
5040939434,1709619.89934013,2014
5040939434,1433916.4332057,2015
5040939434,1407356.19851737,2016
5040939434,1374161.08886633,2017
5040939434,1305911.45329744,2018
5040939494,622930.352328668,2011
5040939494,593712.310644796,2012
5040939494,623373.691526012,2013
5040939494,578892.800847227,2014
5040939494,430696.986915547,2015
5040939494,6673907.96111639,2020
5040939496,1264290.41316874,2013
5040939496,1765487.75006804,2014
5040939496,1370399.5038222,2015
5040939496,1319761.41437729,2016
5040939496,1515973.25376124,2017
5040939496,1426799.57445682,2018
5040939496,1423409.38622886,2019
5040939496,1473799.5654149,2020
5040939503,2143545.09300747,2010
5040939503,2460628.5001623,2011
5040939503,2518200.64975806,2012
5040939503,2595346.53318944,2013
5040939503,2654439.16407182,2014
5040939503,2103019.42904016,2015
5040939503,2190942.19269569,2016
5040939503,2292367.60827979,2017
5040939503,2376072.62352009,2018
5040939503,2224176.69316918,2019
5040939503,2170489.30063635,2020
5040939520,1106918.06543008,2010
5040939520,1204224.79757398,2011
5040939520,1327850.48954645,2012
5040939520,1402420.48525278,2013
5040939520,1338281.73481537,2014
5040939520,1049458.77648715,2015
5040939520,1044463.52136559,2016
5040939520,1069706.96201254,2017
5040939520,1156861.19607958,2018
5040939520,1199103.54400069,2019
5040939520,1094950.52384928,2020
5040939522,2245479.86441826,2011
5040939522,3488102.84766938,2012
5040939522,4430722.18889554,2013
5040939522,4317104.60197398,2014
5040939522,2159948.49686334,2015
5040939522,1662632.42658276,2016
5040939522,1526751.46270714,2017
5040939522,1810370.32714866,2018
5040939522,1724720.83453638,2019
5040939528,2769591.94800402,2011
5040939528,2618013.15415631,2012
5040939528,2686808.73874941,2013
5040939528,2948421.84297334,2014
5040939528,2317684.27648695,2015
5040939528,2930552.02993837,2016
5040939528,2577929.59361044,2017
5040939528,3498991.68181739,2018
5040939528,4070605.058732,2019
5040939528,4823179.19725192,2020
5040939549,1401682.6401796,2011
5040939549,1490648.1260305,2012
5040939549,1679702.55350534,2013
5040939549,2511665.76776718,2014
5040939549,1419000.52023893,2015
5040939549,1504485.10882237,2016
5040939549,1329837.21836972,2017
5040939549,1692064.75995099,2018
5040939549,512536.574584246,2019
5040939549,467481.798756223,2020
5040939550,1316445.18233084,2011
5040939550,1426114.17922128,2012
5040939550,1504783.21438041,2013
5040939550,1483283.47844248,2014
5040939550,1322419.98377908,2015
5040939550,1473141.66905523,2016
5040939550,1632959.20703919,2017
5040939550,1657999.64340862,2018
5040939550,1753839.64569784,2019
5040939550,1741191.04829919,2020
5040939639,1313586.06424786,2011
5040939639,1446592.95167541,2012
5040939639,1609019.47099624,2013
5040939639,1555704.7664231,2014
5040939639,1365427.53283327,2015
5040939639,1466825.31047098,2016
5040939639,1715672.8779386,2017
5040939639,2010579.74856012,2018
5040939639,2090753.3904645,2019
5040939639,2408443.18907467,2020
5040939643,290379.180302377,2011
5040939643,335920.704457577,2012
5040939643,333998.854940576,2013
5040939643,322632.858761982,2014
5040939643,257920.995050436,2015
5040939643,238829.860430927,2016
5040939643,333397.856495022,2017
5040939643,368690.322722077,2018
5040939643,334866.328356862,2019
5040939643,338212.362276063,2020
5040939657,1627552.9687348,2011
5040939657,1569465.58640016,2012
5040939657,1778318.22765658,2013
5040939657,1637676.1143572,2014
5040939657,1320182.59683406,2015
5040939657,1168168.80835526,2016
5040939657,1180395.53478278,2017
5040939657,1448197.87871087,2018
5040939657,1339920.29485185,2019
5040939657,1240751.94271758,2020
5040939661,1061494.14002528,2010
5040939661,1237104.65552822,2011
5040939661,1126676.66602652,2012
5040939661,1090052.3567668,2013
5040939661,1174339.03894717,2014
5040939661,1063255.99598141,2015
5040939661,979750.640021282,2016
5040939661,1001646.81114069,2017
5040939661,1057740.3154545,2018
5040939661,1127557.71501412,2019
5040939661,976346.88245824,2020
5040939684,1403469.58898146,2011
5040939684,1475159.97879629,2012
5040939684,1473614.52980411,2013
5040939684,1405291.32215567,2014
5040939684,1116456.0855629,2015
5040939684,1281029.02683235,2016
5040939684,1330684.94266884,2017
5040939684,1409951.48432575,2018
5040939684,1415560.956658,2019
5040939684,1314559.2447343,2020
5040939687,1021956.01978418,2011
5040939687,1120137.22608318,2012
5040939687,1195140.21678635,2013
5040939687,1079634.27774175,2014
5040939687,1008191.41727908,2015
5040939687,1161614.09661689,2016
5040939687,1182333.19032361,2017
5040939687,1254506.33158369,2018
5040939687,1182724.21272237,2019
5040939687,1473692.907464,2020
5040939752,1233173.36816412,2011
5040939752,577879.982360935,2012
5040939752,503127.290920174,2013
5040939752,462700.404746464,2014
5040939752,365937.064784811,2015
5040939752,349544.900520912,2016
5040939752,343086.1341992,2017
5040939752,373486.494365226,2018
5040939752,339984.869381338,2019
5040939752,411593.032489223,2020
5040939754,2356270.69013363,2011
5040939754,2897660.25699625,2012
5040939754,2240568.555198,2013
5040939754,1842843.23569128,2014
5040939754,1650197.1712239,2015
5040939754,3148883.51911474,2016
5040939754,2454282.94941087,2017
5040939754,2349509.21134265,2018
5040939754,1420338.26161418,2019
5040939754,1438602.44162079,2020
5040939757,1574480.58931953,2011
5040939757,1478945.97034243,2012
5040939757,1411277.16065151,2013
5040939757,1631309.40772154,2014
5040939757,1309492.85920788,2015
5040939757,1134322.66046984,2016
5040939757,1149271.9426581,2017
5040939757,1315011.88154342,2018
5040939757,1215141.63921072,2019
5040939806,2080365.79512632,2011
5040939806,2116369.27429267,2012
5040939806,2370523.23460629,2013
5040939806,2679746.82294856,2014
5040939806,2622217.49955855,2015
5040939806,2391873.90162111,2016
5040939806,2199117.93537708,2017
5040939806,1645824.74616062,2018
5040939806,1544661.9358309,2019
5040939806,1167264.61455353,2020
5040939932,2029259.0593931,2011
5040939932,2239413.99954224,2012
5040939932,2332882.36416169,2013
5040939932,2497659.01316874,2014
5040939932,1811164.73199031,2015
5040939932,2218352.8054198,2016
5040939932,2350376.17103356,2017
5040939932,2648347.59833887,2018
5040939932,2897662.94663419,2019
5040939932,2353834.31821836,2020
5040939995,1924186.46984369,2011
5040939995,2023612.48141222,2012
5040939995,2062924.08518116,2013
5040939995,1984661.62600057,2014
5040939995,1745659.01421124,2015
5040939995,1865232.60758704,2016
5040939995,2024123.41934537,2017
5040939995,2295644.51442729,2018
5040939995,2260916.44318931,2019
5040939995,2139238.52102523,2020
5040940002,1896310.06853466,2011
5040940002,1900739.84668747,2012
5040940002,1980488.87570067,2013
5040940002,1883590.1581595,2014
5040940002,1458403.39032615,2015
5040940002,1387692.06330225,2016
5040940002,1412671.99274044,2017
5040940002,1502062.57562623,2018
5040940002,1534766.08985025,2019
5040940002,1603708.9496004,2020
5040940004,1759949.03551556,2018
5040940004,2061634.57930303,2019
5040940004,2086869.46713764,2020
5040940047,1168256.94280152,2010
5040940047,1477627.96425868,2011
5040940047,1727616.77871394,2012
5040940047,1795520.61641181,2013
5040940047,1589607.47925798,2014
5040940047,1063255.99598141,2015
5040940047,934940.247046218,2016
5040940047,970644.322487324,2017
5040940047,472607.374990307,2018
5040940053,2735103.83612811,2011
5040940053,2776164.3464701,2012
5040940053,2721043.19557911,2013
5040940053,2794825.04538809,2014
5040940053,2199599.96550001,2015
5040940053,2256608.48665649,2016
5040940053,2775449.35530436,2017
5040940053,2475808.39794558,2018
5040940053,2201655.11266149,2019
5040940053,2144678.07652068,2020
5040940061,1098616.12338401,2011
5040940061,1273469.88370188,2012
5040940061,1461862.40283272,2013
5040940061,1630036.06639441,2014
5040940061,1462505.26639201,2015
5040940061,1517117.82599087,2016
5040940061,1461961.10556045,2017
5040940061,1503784.27826736,2018
5040940061,1525422.01364625,2020
5040940075,541981.571604375,2011
5040940075,587344.961226287,2012
5040940075,610940.28183164,2013
5040940153,1177063.1757857,2011
5040940153,1202912.7685238,2012
5040940153,1051900.52427996,2013
5040940153,1032679.81630377,2014
5040940153,983953.058708072,2015
5040940153,824463.560110355,2016
5040940153,820718.225015171,2017
5040940153,843265.357873676,2018
5040940153,957963.3890698,2019
5040940153,847610.735732536,2020
5040940161,2129328.19229731,2011
5040940161,2134955.05097372,2012
5040940161,2374099.96890193,2013
5040940161,4492507.36978636,2014
5040940161,3098532.32029748,2015
5040940161,3747507.46569386,2016
5040940161,3780244.85669892,2017
5040940161,3761797.29210994,2018
5040940161,3142784.18902856,2019
5040940161,2631784.93824089,2020
5040940208,887934.859644622,2011
5040940208,1024110.71323107,2012
5040940208,1078981.51251838,2013
5040940208,1132955.44581539,2014
5040940208,983455.86160918,2015
5040940208,917778.819949385,2016
5040940208,625741.63621859,2017
5040940208,581074.641381525,2018
5040940208,814303.00431616,2019
5040940208,933897.018003534,2020
5040940209,1411868.2483502,2011
5040940209,1533326.576187,2012
5040940209,1591476.44087952,2013
5040940209,1312178.23760917,2014
5040940209,910119.28952255,2015
5040940209,858548.061149899,2016
5040940209,989778.670953075,2017
5040940209,1071022.02154322,2018
5040940209,930664.503605925,2019
5040940209,896140.103388041,2020
5040940216,2827667.7840645,2011
5040940216,2650366.17282334,2012
5040940216,2676759.81858546,2013
5040940216,2386241.64704472,2014
5040940216,2044225.87209613,2015
5040940216,3353032.99562082,2016
5040940216,3305277.04225159,2017
5040940216,3637219.80814815,2018
5040940216,3511319.14279087,2019
5040940216,3033565.43924812,2020
5040940219,2490827.93491374,2011
5040940219,2196563.45886092,2012
5040940219,2110102.91374747,2013
5040940219,1639426.958682,2014
5040940219,1256789.96672528,2015
5040940219,1214290.143678,2016
5040940219,1362535.15562132,2017
5040940219,1749495.84090869,2018
5040940219,1631904.6239592,2019
5040940249,1416596.50578104,2010
5040940249,1595030.50054093,2011
5040940249,1605776.68713814,2012
5040940249,1663181.44747309,2013
5040940249,1508909.47265101,2014
5040940249,1201228.19092405,2015
5040940249,1266489.48443087,2016
5040940249,1067405.9960578,2017
5040940249,1116524.16277309,2018
5040940249,1172714.62138561,2019
5040940249,1076178.72449242,2020
5040940289,520002.101341487,2011
5040940289,542429.334247072,2012
5040940289,547240.347233081,2013
5040940289,514270.728495296,2014
5040940289,393034.306674447,2015
5040940289,430465.796345563,2016
5040940289,439363.393884468,2017
5040940289,433869.065564872,2018
5040940289,450431.610153931,2019
5040940363,1389888.77808732,2011
5040940363,1426974.63184541,2012
5040940363,1529139.07172692,2013
5040940363,1529601.2692169,2014
5040940363,1123914.04204628,2015
5040940522,2770693.66894307,2010
5040940522,2992424.46359606,2011
5040940522,3092466.73109768,2012
5040940522,3087232.65918046,2013
5040940522,2461846.28834316,2014
5040940522,2088103.51607338,2015
5040940522,1892285.69057997,2016
5040940522,2041077.90532768,2017
5040940522,2272401.52877203,2018
5040940533,2955970.7080381,2011
5040940533,3584129.3605215,2012
5040940533,3638560.70275142,2013
5040940533,3467626.76911127,2014
5040940533,2910094.61981725,2015
5040940533,2384961.66015155,2016
5040940533,2691524.64969192,2017
5040940533,3003633.23621214,2018
5040940533,3261079.35937202,2019
5040940533,3912000.32278822,2020
5040940582,3775108.03881109,2011
5040940582,4098680.02974699,2012
5040940582,4815135.96533658,2013
5040940664,1304651.32023856,2011
5040940664,1349533.89567435,2012
5040940664,1393223.16849256,2013
5040940664,1420889.75341303,2014
5040940664,1219873.08213252,2015
5040940664,1192480.83007578,2016
5040940664,1271707.55214465,2017
5040940664,1398268.50211808,2018
5040940664,1324564.67177842,2019
5040940664,1223260.03877142,2020
5040940718,1692240.51536216,2011
5040940718,1570842.31059875,2012
5040940718,1656368.6202433,2013
5040940718,1687336.42611533,2014
5040940731,3510639.61613569,2011
5040940731,4378499.22311175,2012
5040940731,5223224.31640115,2013
5040940731,5210353.54295683,2014
5040940731,3180694.14088945,2015
5040940731,2783726.4869988,2016
5040940731,3089712.86333364,2017
5040940731,4510737.94100169,2018
5040940731,4962937.3773324,2019
5040940731,3726095.51438482,2020
5040940885,405101.293381839,2011
5040940885,474625.667466188,2012
5040940885,546729.385190846,2013
5040940885,628393.94493947,2014
5040940885,554996.261638648,2015
5040940885,607085.48355047,2016
5040940885,701431.30578248,2017
5040940885,773167.464627651,2018
5040940885,708519.823143645,2019
5040940885,664265.718150526,2020
5040940890,222653.820711853,2011
5040940890,188611.215207738,2012
5040940890,277282.068252554,2013
5040940890,308148.60116586,2014
5040940890,397384.781289756,2015
5040940890,288526.493065506,2016
5040940890,325041.716975169,2017
5040940890,308676.687802673,2018
5040940890,342259.776503328,2019
5040940890,259285.478616559,2020
5040941180,1702604.81841295,2011
5040941180,1551223.99076875,2012
5040941180,1560648.39766471,2013
5040941180,1432508.99302311,2014
5040941180,1149271.0940898,2015
5040941180,1077832.96294277,2016
5040941180,1260202.72237094,2017
5040941180,1251062.92630143,2018
5040941180,1171349.67711242,2019
5040941180,1116175.45607663,2020
5040941266,1012842.58089469,2011
5040941266,1137174.18804082,2012
5040941266,1300398.39748664,2013
5040941266,1186913.28455259,2014
5040941266,1039887.73233347,2015
5040941266,1029447.27265586,2016
5040941266,1042579.78444084,2017
5040941266,1030807.96699681,2018
5040941266,1071708.74516928,2019
5040941266,989252.494516078,2020
5040941282,2698471.38568996,2011
5040941282,2962022.11328065,2012
5040941282,3002412.96016954,2013
5040941282,3057451.69410899,2014
5040941282,3325743.52890167,2017
5040941282,3853047.53208986,2018
5040941282,7110108.46442224,2019
5040941282,5855948.13573161,2020
5040941357,1379524.47503652,2011
5040941357,2851367.90581844,2012
5040941357,3007522.58059189,2013
5040941357,2980096.20848574,2014
5040941357,2388161.96525495,2015
5040941357,2509382.00660359,2016
5040941357,2969820.42674443,2017
5040941357,3278244.80747245,2018
5040941357,3284397.15737241,2019
5040941357,2886270.80906734,2020
5040941361,615067.777600481,2011
5040941361,694385.267667175,2012
5040941361,738851.113070994,2013
5040941361,691106.005300704,2014
5040941361,586941.175242486,2015
5040941361,544160.250862082,2016
5040941361,510330.028067571,2017
5040941361,525611.220585109,2018
5040941361,555987.300614246,2019
5040941361,507051.898536866,2020
5040941372,3040493.38636612,2011
5040941372,3623538.09070633,2012
5040941372,3670751.31141219,2013
5040941372,3518242.08686476,2014
5040941372,2792631.80520392,2015
5040941372,2881093.75045791,2016
5040941372,3339307.11768752,2017
5040941372,3855138.17101123,2018
5040941372,3540096.71788404,2019
5040941372,2539099.17891641,2020
5040941374,1600570.0418267,2011
5040941374,1783029.92770746,2012
5040941374,1614129.09141858,2013
5040941374,1622873.52142929,2014
5040941374,1403836.00872271,2015
5040941374,1333705.07389346,2016
5040941374,1435197.23840265,2017
5040941374,1977498.4620984,2018
5040941374,1982695.30216999,2019
5040941374,2046232.78784808,2020
5040941377,660277.582287558,2011
5040941377,647920.825964538,2012
5040941377,687243.946805316,2013
5040941377,710842.795871245,2014
5040941377,570533.670979036,2015
5040941377,550119.079715149,2016
5040941377,577663.558111607,2017
5040941377,219561.031318686,2018
5040944961,2526030.8263104,2011
5040944961,2846033.09954888,2012
5040944961,2798368.78463726,2013
5040944961,2780977.45845553,2014
5040944961,2462492.93153937,2015
5040944961,2395449.19893295,2016
5040944961,2099328.67502405,2017
5040944961,2358855.59710879,2018
5040944961,2577583.51457026,2019
5040944961,2005382.79265674,2020
5040945179,1339139.43211447,2011
5040945179,1664115.37505367,2012
5040945179,1626562.50111295,2013
5040945179,1538673.82617271,2014
5040945179,1265242.31740645,2015
5040945179,1274474.31509398,2016
5040945179,1242279.40861821,2017
5040945179,1480049.37757178,2018
5040945179,1435580.13933151,2019
5040945179,1159051.9523349,2020
5040945192,1501036.99356306,2011
5040945192,1415100.38563251,2012
5040945192,1516194.69999032,2013
5040945192,1381575.33993784,2014
5040945192,1139824.34921084,2015
5040945192,1002870.89597118,2016
5040945192,1159444.63424749,2017
5040945192,1167806.30572676,2018
5040945192,1237094.49293792,2019
5040945192,1508676.71535633,2020
5040945385,2936671.66097801,2011
5040945385,3104857.24888505,2012
5040945385,3546757.85582996,2013
5040945385,3392817.96614229,2014
5040945385,2333221.68582734,2015
5040945385,2188916.19088565,2016
5040945385,2222733.11228102,2017
5040945385,2675156.96803647,2018
5040945385,2810875.23993029,2019
5040945385,2288452.99432204,2020
5040945644,207107.366135664,2011
5040945644,229396.669591163,2012
5040945644,225334.260625386,2013
5040945644,231111.450874395,2014
5040945644,175759.174458466,2015
5040945644,183055.222366219,2016
5040945644,172209.136191762,2017
5040945644,177212.393276355,2018
5040945644,174485.376256599,2019
5040945644,172572.564541996,2020
5040945646,1688145.37371192,2010
5040945646,1980832.74686268,2011
5040945646,2221172.40391084,2012
5040945646,2228305.46618437,2013
5040945646,2220229.77151993,2014
5040945646,2280270.1947953,2015
5040945646,2590302.90242824,2016
5040945646,2695642.1677162,2017
5040945646,3385113.34998262,2018
5040945646,1655563.6580279,2019
5040945646,1654798.1080773,2020
5040945656,658490.633485698,2011
5040945656,736375.355724372,2012
5040945656,677705.988683607,2013
5040945656,616615.537663503,2014
5040945656,472088.64539834,2015
5040945656,465861.239732781,2016
5040945656,455106.845153757,2017
5040945656,563488.678689979,2018
5040945656,534375.682955345,2019
5040945665,458881.115038259,2010
5040945665,504634.341645484,2011
5040945665,516271.574473736,2012
5040945665,532081.806646792,2013
5040945665,521433.273460412,2014
5040945665,419882.950014637,2015
5040945665,339176.538316576,2016
5040945665,309782.679591088,2017
5040945665,327861.374375269,2018
5040945665,304610.063634401,2019
5040945706,2014606.07921784,2011
5040945706,1881293.61738229,2012
5040945706,2017448.4634223,2013
5040945706,2080003.05786955,2014
5040945706,1458776.28815032,2015
5040945706,1328938.01081101,2016
5040945706,1450214.06884413,2017
5040945706,1416223.40108987,2018
5040945706,1160316.37757077,2019
5040945706,1244698.28690055,2020
5040945813,465346.564274708,2010
5040945813,487837.022907993,2011
5040945813,499578.793565752,2012
5040945813,437553.828833422,2013
5040945813,458402.877767395,2014
5040945813,240270.498039755,2015
5040945813,247648.927133466,2016
5040945813,279749.018708137,2017
5040945813,398205.225141456,2018
5040945813,302790.137936809,2019
5040945813,260032.084272798,2020
5040945819,557349.331300377,2011
5040945819,455523.619210659,2012
5040945819,830653.959992448,2013
5040945819,1508591.13731923,2014
5040945819,987433.438400319,2015
5040945819,1429403.86527372,2016
5040945819,1793663.51345724,2017
5040945819,2028534.64753191,2018
5040945819,2401733.19404047,2019
5040945819,1638372.78364005,2020
5040945827,2265062.38250279,2010
5040945827,1992090.5243144,2011
5040945827,2330105.70612479,2012
5040945827,2283319.04606495,2013
5040945827,2223572.29250365,2014
5040945827,1459894.98162283,2015
5040945827,1612935.79394819,2016
5040945827,1985612.51547126,2017
5040945827,2530042.03114119,2018
5040945827,2800524.41252524,2019
5040945827,2236190.59838535,2020
5040945828,256605.847947208,2011
5040945828,305460.681563627,2012
5040945828,316115.183462371,2013
5040945828,324702.038418571,2014
5040945828,259785.484171282,2015
5040945828,264810.354230299,2016
5040945828,266064.326450986,2017
5040945836,1779086.22713259,2011
5040945836,2207060.98087522,2012
5040945836,2160006.8732057,2013
5040945880,1391397.83183385,2010
5040945880,1916502.58999569,2011
5040945880,2079197.72093056,2012
5040945880,1912701.24476424,2013
5040945880,1803051.31921842,2014
5040945880,1215398.30824249,2015
5040945880,1064366.00973483,2016
5040945880,1521907.32385505,2017
5040945880,1493700.01994074,2018
5040945880,1588795.1339975,2019
5040945880,1371834.56436289,2020
5040945889,1499428.73964138,2011
5040945889,1322171.50222724,2012
5040945889,1304315.77314377,2013
5040945889,1345921.78277816,2014
5040945889,1013039.08899328,2015
5040945889,834831.922314692,2016
5040945889,883207.616207118,2017
5040945889,983584.123125807,2018
5040945889,971954.067870035,2019
5040945889,742232.680252009,2020
5040945899,159812.642665058,2010
5040945899,355602.811570295,2011
5040945899,417491.613224428,2012
5040945899,517263.907421994,2013
5040945899,781035.736529377,2014
5040945938,236237.568254884,2010
5040945938,299492.619191867,2011
5040945938,270354.214499413,2012
5040945938,263656.413792969,2013
5040945938,179859.462457346,2014
5040945938,13424.321670095,2015
5040945938,4290.35677420827,2016
5040945975,329737.911058922,2010
5040945975,466929.721926222,2011
5040945975,472732.671693117,2012
5040945975,490523.560545058,2013
5040945975,465724.590398402,2014
5040945975,284645.339115903,2015
5040946421,943955.58852162,2010
5040946421,1062162.36782605,2011
5040946421,990208.879840625,2012
5040946421,973723.33181809,2013
5040946421,1149031.38007042,2014
5040946421,740699.378074962,2015
5040946421,797529.653694492,2016
5040946421,893622.514739109,2017
5040946421,967842.841835472,2018
5040946421,958532.115850297,2019
5040946421,843771.049500452,2020
5041748646,2242978.13609565,2011
5041748646,2183140.3979246,2012
5041748646,2278209.4256426,2013
5041748646,2776520.76381057,2014
5041748646,2629053.95966832,2015
5041748646,3285340.69984998,2016
5041748767,1171166.24473956,2011
5041748767,1406667.94991611,2012
5041748767,1860072.15441409,2013
5041748767,2310477.83808038,2014
5041748767,562329.918847312,2015
5041748767,764875.271579685,2016
5041748767,1338677.77177478,2017
5041748767,2044521.8863424,2018
5041748767,1183406.68485896,2019
5041748767,1025516.19781909,2020
5041748922,1527172.26579929,2010
5041748922,990684.415751617,2011
5041748922,1030822.24369923,2012
5041748922,985134.817427992,2013
5041748922,960736.031320832,2014
5041748922,766926.525041537,2015
5041748945,226942.497836319,2011
5041748945,121495.910526152,2012
5041748945,61315.4450681323,2013
5041748945,47272.7967697626,2014
5041748945,57053.3670979036,2015
5041748945,19187.4289068759,2016
5041748945,104148.985319912,2017
5041748945,580951.662621444,2018
5041748945,927820.869703438,2019
5041748945,1034795.43954663,2020
5041749244,1492995.72395468,2011
5041749244,2299129.41165637,2012
5041749244,2114360.93076609,2013
5041749244,1375367.80096808,2014
5041749244,892593.091786592,2015
5041749244,828992.270038686,2016
5041749244,938673.006063537,2017
5041749244,923324.530686242,2018
5041749244,884370.143673438,2019
5041749244,920031.484387675,2020
5041749808,1582521.85892791,2011
5041749808,1459843.9220869,2012
5041749808,1439380.07297441,2013
5041749808,1074734.37193917,2016
5041749808,1024050.9533316,2017
5041749808,1239994.83789416,2018
5041749808,1243122.99681119,2019
5041749808,1164704.82373214,2020
5041749821,1991554.43967384,2011
5041749821,2386207.21721761,2012
5041749821,2590577.55412859,2013
5041749821,2779544.94946251,2014
5041749821,2345651.61329965,2015
5041749821,2497106.81916627,2016
5041749821,2903940.13835602,2017
5041749821,3284393.74547649,2018
5041749821,3306577.50181181,2019
5041749821,4299488.65837602,2020
5041749963,2712409.58634448,2011
5041749963,2826414.77971888,2012
5041749963,2612378.60126392,2013
5041749963,2752645.61392685,2014
5041749963,1992393.0745366,2015
5041749963,1568840.46043549,2016
5041749963,1846949.04083021,2017
5041749963,2263915.99432645,2018
5041749963,2332462.27217589,2019
5041749990,1617724.75032456,2011
5041749990,1577381.75054209,2012
5041749990,1447725.7863309,2013
5041749990,1463387.52020605,2014
5041750368,625610.775531459,2011
5041750368,623483.971439448,2012
5041750368,663058.410139553,2013
5041750368,718801.179165818,2014
5041750368,645734.732186513,2015
5041750368,527713.883227617,2016
5041750368,608666.046764977,2017
5041750368,576893.36353878,2018
5041750368,529370.887286968,2019
5041750524,4458794.65040302,2011
5041750524,4312760.64262876,2012
5041750524,4022293.19646948,2013
5041750524,3828778.20301899,2014
5041750524,3260618.5745364,2015
5041750524,6349370.49609705,2016
5041750524,6561870.48903969,2017
5041750524,6315943.16022696,2018
5041750524,6958030.92331724,2019
5041750524,7145869.39381004,2020
5041750685,808773.027722189,2011
5041750685,922061.032010092,2012
5041750685,970146.597522449,2013
5041750685,1088547.66703167,2014
5041750685,841381.790600674,2015
5041750685,909793.989286275,2016
5041750685,933223.349854936,2017
5041750685,1098323.30628114,2018
5041750685,1068637.62055459,2019
5041750685,945522.734650677,2020
5041750699,4346931.65540653,2011
5041750699,4547147.93743984,2012
5041750699,4273005.23852584,2013
5041750699,3441204.93657329,2014
5041750699,2644964.26683288,2015
5041750699,806587.073551154,2016
5041750699,1968052.51213244,2017
5041750699,1887109.07343905,2018
5041750699,1669099.35540373,2019
5041750699,1108496.08361246,2020
5041750701,0.0,2011
5041750701,0.0,2012
5041750701,0.0,2013
5041750701,0.0,2014
5041750723,536.084640558234,2011
5041750723,10153.3409646501,2012
5041750723,17713.3507974604,2013
5041750723,17667.6109139517,2014
5041750723,426346.512300238,2015
5041750723,438331.450431611,2016
5041750723,459345.466649335,2017
5041750723,486135.038599189,2018
5041750723,467493.413568853,2019
5041750723,107084.582694786,2020
5041751459,1921398.88847306,2010
5041751459,1730838.60948235,2011
5041751459,1704212.4673378,2012
5041751459,1137231.18533311,2013
5041751459,1002915.46278207,2014
5041751459,1366794.82485522,2015
5041751459,1454669.29961072,2016
5041751459,1679947.35390445,2017
5041751459,1570192.80871097,2018
5041751459,1661250.92583287,2019
5041751459,735299.91344408,2020
5041758996,195670.893803755,2011
5041758996,290832.986953538,2012
5041758996,189055.955626741,2013
5041758996,217104.696275947,2014
5041758996,173770.386062896,2015
5041758996,93672.7895702138,2016
5041758996,97851.6048121968,2017
5041758996,189018.354244107,2018
5041758996,230220.600745342,2019
5041758996,125003.118444511,2020
5041758997,1974182.78082803,2011
5041758997,2327445.54643905,2012
5041758997,2885260.89604823,2013
5041758997,2204105.18917702,2014
5041758997,1805020.33913274,2015
5041758997,1388726.31589366,2016
5041758997,1219021.61512538,2017
5041758997,1066868.89120981,2018
5041758997,566636.465740249,2019
5041758997,224953.79821859,2020
5041759002,186914.844674638,2011
5041759002,420245.061621621,2012
5041759002,680601.440256268,2013
5041759220,4733806.07100939,2011
5041759220,5144818.3301556,2012
5041759220,5052733.31497559,2013
5041759220,4967304.51714058,2014
5041759220,4007657.21562224,2015
5041759220,3852740.38323902,2016
5041759220,4242496.8066595,2017
5041759220,4407681.74005402,2018
5041759220,4119743.05256698,2019
5041759220,3961596.26995263,2020
5041827356,0.0,2011
5041827356,0.0,2012
5041827356,0.0,2013
5041827356,0.0,2014
5041827356,0.0,2015
5041827356,167204.737617061,2016
5041827356,64184.8397901786,2017
5041827356,22013.1980544535,2018
5041827356,27298.8854638746,2019
5041945981,1441174.20870072,2011
5041945981,1548470.54237156,2012
5041945981,1674252.2917215,2013
5041945981,1683834.73746572,2014
5041945981,1323538.67725159,2015
5041945981,1289490.56380371,2016
5041945981,1183059.81115142,2017
5041945981,1215030.14959777,2018
5041945981,1125510.29860433,2019
5041945981,1055060.45021596,2020
5041964090,1878619.27539624,2011
5041964090,2196907.63991057,2012
5041964090,2251980.0408079,2013
5041964090,2107220.72873699,2014
5041964090,1491591.29667722,2015
5041964090,1471473.19697637,2016
5041964090,1455905.93199533,2017
5041964090,2121383.61139287,2018
5041964090,2272518.46951146,2019
5041964090,2657382.84645478,2020
5041964100,6011474.46433985,2011
5041964100,6087530.22514464,2012
5041964100,6519875.6589114,2013
5041964100,6835614.57937449,2014
5041964100,4529962.76800871,2015
5041964100,3906965.72580193,2016
5041964100,2239566.49479202,2017
5041964100,3595407.02972069,2018
5041964100,3179068.9576243,2019
5041964100,3152275.73859005,2020
5041972998,1700817.86961109,2011
5041972998,1651208.58569183,2012
5041972998,1648022.9068868,2013
5041972998,1574168.21566651,2014
5041972998,1279163.83617544,2015
5041972998,1161137.39030864,2016
5041976760,261609.304592418,2011
5041976760,97403.2370507115,2012
5041976760,82435.209480489,2013
5041976760,88497.2222356498,2014
5041976760,194031.167842762,2015
5041976760,3612837.93361454,2016
5041976799,567301.725311026,2010
5041976799,594160.47661871,2011
5041976799,637767.484999888,2012
5041976799,697974.149692239,2013
5041976799,701770.238915432,2014
5041976799,558973.838429788,2015
5041976799,547378.018442738,2016
5041976799,547024.379872145,2017
5041976799,524750.369264544,2018
5041976799,499455.858632806,2019
5041976799,481560.648273864,2020
5041978702,5041736.10578568,2012
5041978702,3417654.7798254,2013
5041978702,3381198.72653221,2014
5041978721,5811685.08611176,2020
5041980166,3412521.13876463,2020
5041980497,218356837.243207,2017
5041980497,245206794.659957,2019
5042212854,91133591.3185684,2017
5042212854,1003651.31788639,2020
5042214061,6825798.57664209,2012
5042214061,6648978.73491597,2013
5042214061,5965763.28527768,2014
5042216993,245791902.655632,2016
5042216993,199679216.85134,2017
5042216993,189495517.374087,2018
5042217138,558911732.167088,2017
5042217138,5302713.34445885,2020
5042217312,1188857.03787798,2011
5042217312,5689140.66017574,2012
5042217312,4797422.61453912,2013
5042217312,5764734.52325677,2014
5042217312,4155449.05326801,2015
5042218071,0.0,2013
5042218071,105209.827154253,2014
5042218071,78805.7401744464,2015
5042218071,74962.0669715833,2016
5042218071,86104.5680958811,2017
5042218071,94447.687742013,2018
5042218071,89631.3406063883,2019
5042218071,89379.3628468435,2020
5042218283,110027.159761148,2013
5042218283,141977.557975179,2014
5042218283,120073.099382516,2015
5042218283,188179.815179857,2016
5042218283,246445.564100025,2017
5042218283,231937.941512287,2018
5042218283,242960.080628484,2019
5042218283,175878.961019624,2020
5042218730,2142683.71775025,2017
5042218730,2204415.21719522,2018
5042222306,1273487.72992896,2013
5042222306,1170678.18263166,2014
5042222306,941939.903851664,2015
5042222306,985709.468874349,2016
5042222306,1440283.58419735,2017
5042222306,1845050.33749143,2018
5042222306,2150469.70241672,2019
5042222306,2385938.36143662,2020
5042230428,780416.226671066,2020
5042236226,6450470.70798624,2016
5042236226,899329218.945383,2017
5042238426,0.0,2014
5042238426,0.0,2015
5042238426,24915297.3281893,2020
5042953654,521751358.60538,2017
5042953654,5283088.28149487,2020
5042953719,339880683.437298,2017
5042953968,1042581.46996169,2020
5042954199,480773267.379186,2017
5042954199,5151685.68599688,2020
5042954310,338437523.059549,2017
5042954310,4153260.60770416,2020
5042954917,578141916.646474,2017
5042954917,9498317.15866682,2020
5042955309,407553104.868836,2017
5042955309,4203069.87077036,2020
5042955501,1725835.15283714,2011
5042955501,1757044.25845895,2012
5042955501,1799097.35070745,2013
5042955501,1838864.044044,2014
5042955501,1411169.66593137,2015
5042955501,1610790.61556108,2016
5042955501,1719305.98207767,2017
5042955501,2159138.09073766,2018
5042955501,1702995.47152138,2019
5042955501,1290347.889882,2020
5042955618,987972.599105383,2020
5042955633,716362818.288176,2017
5042955633,7059583.11153905,2020
5042955930,0.0,2014
5042955930,0.0,2015
5042955930,4915758.2986255,2020
5042955946,515512427.811074,2017
5042955946,5008230.74204819,2020
5042955965,472568.800031734,2014
5042955965,277187.382632516,2015
5042955965,341321.71670368,2016
5042955965,339816.34047404,2017
5042955965,380127.347409586,2018
5042955965,340098.614737438,2019
5042955965,356024.240074897,2020
5042956038,180973.636118586,2014
5042956038,11932.7303734177,2015
5042956038,11917.6577061341,2016
5042956162,94386.4258736337,2014
5042956162,73087.9735371837,2015
5042956162,51280609.4987447,2020
5042956436,262755116.020746,2017
5042956436,2552964.71253227,2020
5042956488,4785635.59853821,2020
5042956622,260396458.766657,2017
5042956622,5134193.78205072,2020
5042956645,2453452.84435076,2020
5042956660,0.0,2019
5042956660,0.0,2020
5042956823,244360631.839681,2017
5042956823,2260828.58504122,2020
5042956824,292396410.060227,2017
5042956824,1928909.04186774,2020
5042956825,342175443.240603,2017
5042956830,0.0,2014
5042956830,0.0,2016
5042956830,0.0,2017
5042956830,0.0,2018
5042956830,0.0,2019
5042956830,0.0,2020
5042956928,3947401.51637632,2017
5042956932,147513290.442853,2017
5042956932,1453961.18654913,2020
5042957110,0.0,2014
5042957110,0.0,2015
5042957110,6316.35858425106,2016
5042957110,6781.79439292453,2017
5042957110,48576.6102318947,2018
5042957110,97479.7701772522,2019
5042957110,113804.033600933,2020
5042957502,0.0,2014
5042957502,0.0,2015
5042957502,0.0,2016
5042957502,0.0,2017
5042957502,0.0,2018
5042957502,0.0,2019
5042960443,0.0,2014
5042960443,0.0,2015
5042960443,0.0,2016
5042960443,74172712.1564785,2020
5042963013,1212698.44642701,2014
5042963013,1108252.33343117,2015
5042963013,1157323.73984268,2016
5042963013,1219875.2664273,2017
5042963013,1528503.00904359,2018
5042963013,1466746.36690276,2019
5042963013,1908537.37324751,2020
5042979040,0.0,2016
5042979040,0.0,2017
5042979040,0.0,2018
5042979040,0.0,2019
5042979040,0.0,2020
5043331364,0.0,2014
5043331364,0.0,2015
5043331364,0.0,2016
5043331364,348656.893879102,2017
5043331364,797886.195403881,2018
5043331364,1347427.48835441,2019
5043331364,802814.396358223,2020
5043437233,350420.660044899,2011
5043437233,356055.295862053,2012
5043437233,365337.860197622,2013
5043437233,377386.535828643,2014
5043437233,319697.734587817,2015
5043437233,352643.491524507,2016
5043437233,324678.406561262,2017
5043437233,331427.758417611,2018
5043437233,309273.623234479,2019
5043437233,280617.068794803,2020
5043439364,2212635.96355585,2013
5043439364,2277530.13124085,2014
5043439364,1696809.39924506,2015
5043439364,1712567.41237147,2016
5043439364,1752972.74709969,2017
5043439364,1776797.12564662,2018
5043439364,1777726.17047873,2019
5043439364,1876006.69822569,2020
5043447447,0.0,2018
5043447447,0.0,2019
5043447447,0.0,2020
5043447717,2107241.13575786,2020
5043953784,0.0,2014
5043953784,0.0,2015
5043953784,0.0,2016
5043953784,0.0,2017
5043953784,0.0,2018
5043953784,0.0,2019
5043953784,0.0,2020
5043953820,319124226.201272,2017
5043953820,4323273.38142476,2020
5044013243,0.0,2014
5044013243,0.0,2015
5044013243,0.0,2019
5044167986,30878.5271829426,2014
5044167986,24114.0592962817,2015
5044167986,21864.8799327004,2020
5044168073,2998581.6313558,2020
5044168195,0.0,2014
5044168195,0.0,2015
5044168195,1173.23745980343,2020
5044169700,1142851.76779769,2013
5044169700,1254559.54255646,2014
5044169700,983828.759433349,2015
5044169700,12726106.7264879,2020
5044175345,811008874.154594,2017
5044178317,805377.824998654,2011
5044178317,979711.357826326,2012
5044178317,819242.474382545,2013
5044178317,997185.426809975,2014
5044178317,1535966.13775337,2015
5044199305,5327351.33111472,2020
5044244506,806271.299399584,2011
5044244506,831197.234902714,2012
5044244506,1014600.29519684,2013
5044244506,985725.35486579,2014
5044244506,1152502.8752326,2015
5044244506,1112751.70002174,2016
5044244506,953568.73303371,2017
5044244506,917667.507722527,2018
5044244506,901773.183156658,2019
5044244506,794281.760286925,2020
5044310415,3269279.51071772,2020
5044310465,480773267.379186,2017
5044310465,5151685.68599688,2020
5044313130,68442.0963333263,2014
5044313130,37538.3809663767,2015
5044313130,10006862.2685162,2020
5044315458,1478042.86750348,2013
5044315458,1691793.12076029,2014
5044315458,1171893.5620894,2015
5044315463,0.0,2014
5044315463,0.0,2015
5044315463,0.0,2016
5044315463,0.0,2017
5044315463,0.0,2018
5044315463,0.0,2019
5044315463,0.0,2020
5044340216,7391917.54432484,2013
5044340216,21795465.1611807,2014
5044340216,19337983.9643212,2015
5044340216,19718360.5576841,2016
5044340216,19307768.6366561,2017
5044340216,19835490.1709437,2018
5044340216,19175078.3858938,2019
5044340216,19359697.9821674,2020
5044342764,7321.712631007,2014
5044342764,5717.76663726267,2015
5044342764,5482.12254482167,2016
5044365639,0.0,2015
5044365639,0.0,2016
5044534848,0.0,2011
5044534848,239550.010555813,2012
5044534848,530889.561881579,2013
5044534848,569342.74089374,2014
5044534848,497818.595266022,2015
5044534848,539274.011202567,2016
5044534848,794317.668271286,2017
5044534848,646745.299264644,2018
5044534848,708292.332431447,2019
5044534848,725380.724011196,2020
5044535415,3228123.0105615,2011
5044535415,3355593.14355446,2012
5044535415,3003094.24289252,2013
5044535415,3320078.34282989,2014
5044535415,2524518.26962619,2015
5044535415,2904094.82983075,2016
5044535415,4434324.70520223,2017
5044535574,656160.207124793,2010
5044535574,793941.352666745,2011
5044535574,777504.991157446,2012
5044535574,893161.649825794,2013
5044535574,893567.276314637,2014
5044535574,782215.335832478,2015
5044535574,780487.40317472,2016
5044535574,924625.003392479,2017
5044535574,960218.158710465,2018
5044535574,943403.983489066,2019
5044535574,736046.519100318,2020
5044539202,2894857.05901446,2011
5044539202,3419782.90931403,2012
5044539202,3729341.6255884,2013
5044539202,4398757.61457629,2014
5044540738,1751209.82582357,2011
5044540738,2152680.37503065,2012
5044540738,2578655.10647645,2013
5044540738,3159637.3356113,2014
5044540738,2769885.0379296,2015
5044540738,2980129.48599589,2016
5044540738,3163464.87735669,2017
5044540738,3786639.00164625,2018
5044540739,306860.16760687,2010
5044540739,367932.758303135,2011
5044540739,509215.862955928,2012
5044540739,619115.674507391,2013
5044540739,619003.052651874,2014
5044540739,399249.270410602,2015
5044540739,352405.138370385,2016
5044540739,416232.630865743,2017
5044540739,429318.851441885,2018
5044540739,408800.809821522,2019
5044540741,1450287.64759021,2011
5044540741,1560861.06015893,2012
5044540741,1753792.04962933,2013
5044540741,1778061.99567346,2014
5044540741,1397123.84788766,2015
5044540741,1299263.04312274,2016
5044540741,1224961.61222199,2017
5044540741,1355717.85113014,2018
5044540741,1381664.84054035,2019
5044540741,1393272.81249202,2020
5044540939,1992447.91407477,2011
5044540939,1849112.6892401,2012
5044540939,2162391.36273613,2013
5044540939,1990550.82963856,2014
5044540939,1489105.31118276,2015
5044540939,1455384.35907309,2016
5044540939,1613098.23774562,2017
5044540939,0.0,2018
5044540939,0.0,2019
5044540939,0.0,2020
5044540941,4212374.41062642,2011
5044540941,4538027.13962414,2012
5044540941,4421695.19281606,2013
5044540941,4607903.92755767,2014
5044540941,3732955.81848419,2015
5044540941,3931277.74752245,2016
5044540941,4046430.2866212,2017
5044540941,4230100.41049742,2018
5044540941,4240313.13003242,2019
5044540941,3917973.16803812,2020
5044543313,1195111.35868449,2011
5044543313,1281213.95731899,2012
5044543313,1712233.80352759,2013
5044543313,1252808.69823165,2014
5044543313,1105020.55228837,2015
5044543313,1056857.88537997,2016
5044543313,1288783.14159827,2017
5044543313,1163379.07036386,2018
5044543313,961944.476533281,2019
5044543313,570833.353169816,2020
5044552717,551197.626982114,2014
5044552717,453195.155640428,2015
5044552717,443813.572976433,2016
5044552717,470850.296423046,2017
5044552717,526349.093145593,2018
5044552717,494451.062964429,2019
5044555468,3318006.5352951,2011
5044555468,3476228.60145649,2012
5044555468,4528656.5803238,2013
5044555468,5185364.21941187,2014
5044555468,3345887.87699645,2015
5044555468,2461473.02262493,2016
5044555468,2299754.92002923,2017
5044555468,2814368.92444787,2018
5044555468,3050764.19594409,2019
5044555468,2885310.88750932,2020
5044555481,3594268.82006277,2011
5044555481,4229640.91913849,2012
5044555481,4314904.12598906,2013
5044555481,4022962.75540656,2014
5044555481,3129980.03680242,2015
5044555481,3161635.41286031,2016
5044555481,3411363.68311234,2017
5044555481,3965942.03384398,2018
5044555481,3934451.86748093,2019
5044555481,4148674.31581584,2020
5044555820,757844.986869157,2011
5044555820,767695.831242445,2012
5044555820,889755.236210897,2013
5044555820,799976.688770461,2014
5044555820,631440.315593356,2015
5044555820,758082.206687188,2016
5044555820,893016.997382598,2017
5044555820,929596.44745036,2018
5044555820,928503.341840035,2019
5044560741,1811817.81295272,2010
5044560741,2579460.59548604,2011
5044560741,2106043.84280319,2012
5044560741,3013654.1250987,2013
5044560741,3121755.43112914,2014
5044560741,2014642.64471203,2015
5044560741,2115741.77256998,2016
5044560741,3162980.46347148,2017
5044560741,2677862.50075825,2018
5044560741,3562277.06232344,2019
5044560741,3087214.3885464,2020
5044561289,2424710.82924489,2011
5044561289,2976993.98894039,2012
5044561289,3255168.85039485,2013
5044561289,3661015.48316939,2014
5044561289,2350499.28501385,2015
5044563678,892231.994630024,2010
5044563678,1033928.57675665,2011
5044563678,1035640.77839431,2012
5044563678,1351835.24307157,2013
5044563678,1107966.12227043,2014
5044563678,691601.164559337,2015
5044563678,588136.407797717,2016
5044563678,532128.652901971,2017
5044563678,680072.543246526,2018
5044563678,799174.871954929,2019
5044563678,366903.351065801,2020
5044565578,1564991.23275472,2012
5044565578,2366265.21758767,2013
5044565578,1944869.70952771,2014
5044565578,2041739.88660167,2015
5044565578,1789317.12799897,2016
5044565578,1698597.28848499,2017
5044565578,2448015.19816733,2018
5044565578,2466568.04701717,2019
5044565578,2381565.38545008,2020
5044565589,2267995.4193217,2011
5044565589,2079541.90198021,2012
5044565589,1541061.51937906,2013
5044565589,1526417.91589907,2014
5044565589,1455917.40483169,2015
5044565589,1478147.08529181,2016
5044565589,1870443.11426285,2017
5044565589,2081169.55684647,2018
5044565589,1850636.9437385,2019
5044565589,1804225.8972759,2020
5044569295,721391.231311197,2011
5044569295,867680.426165525,2012
5044569295,915303.338322619,2013
5044569295,841041.946570456,2014
5044569295,692471.259482399,2015
5044569295,703499.334393094,2016
5044569295,707244.272404987,2017
5044569295,757426.183337315,2018
5044569295,729790.204734248,2019
5044569295,705862.318998103,2020
5044569786,2448655.94318983,2011
5044569786,2410988.25279235,2012
5044569786,2541865.83943557,2013
5044569786,2349314.7485579,2014
5044569786,2008179.08242643,2015
5044569786,1576944.46767566,2016
5044569786,1696175.21905895,2017
5044569786,1892520.1388826,2018
5044569786,1828570.3446552,2019
5044569786,1643065.73347926,2020
5044570194,897808.501103203,2011
5044570194,1150625.97167829,2012
5044570194,1164440.09271781,2013
5044570194,1173012.40835375,2014
5044570194,1050190.88403917,2015
5044570194,839341.547014247,2016
5044570194,727075.991571359,2017
5044570194,927246.862275697,2018
5044570194,1056269.20802677,2019
5044570194,904650.013972443,2020
5044573977,231588.564721157,2011
5044573977,380492.150387143,2012
5044573977,383051.210995082,2013
5044573977,337276.284023996,2014
5044573977,245988.264677018,2015
5044573977,333098.532886447,2016
5044573977,412478.423255374,2017
5044573977,422923.955917686,2018
5044573977,372061.059801391,2019
5044573977,368396.562378278,2020
5044574847,1786493.62033233,2013
5044574847,1486625.9994262,2014
5044574847,1186312.27795728,2015
5044574847,876901.254017345,2016
5044574847,672366.472669946,2017
5044574847,744882.349809079,2018
5044574847,1131766.2931898,2019
5044575714,502978.794445837,2010
5044575714,485335.294585388,2011
5044575714,636907.032375765,2012
5044575714,649262.434999223,2013
5044575714,706226.933560393,2014
5044575714,588184.167989717,2015
5044575714,686814.613604506,2016
5044575714,1024172.05680291,2017
5044575714,1504645.12958793,2018
5044575714,1530671.25703067,2019
5044575714,2475531.04018525,2020
5044576061,3371793.69423111,2011
5044576061,3391560.06324279,2012
5044576061,3544884.32834177,2013
5044576061,3275829.73171207,2014
5044576061,2102770.83049071,2015
5044576061,1507583.69982596,2016
5044576061,1446338.75776246,2017
5044576061,1904940.99365076,2018
5044576061,2264897.5306528,2019
5044576061,2412496.19120853,2020
5044576757,479080.973778875,2011
5044576757,367241.179975651,2012
5044576757,99807.9189164598,2013
5044576757,393621.637749572,2014
5044576757,343563.195334653,2015
5044576757,477540.544284792,2016
5044576757,431249.461307219,2017
5044576757,618829.120726314,2018
5044576757,382184.396494244,2019
5044576757,261311.979683492,2020
5044577928,2201699.61877267,2011
5044577928,2511833.30033955,2012
5044577928,2618169.50440925,2013
5044577928,2797530.89570824,2014
5044577928,2649066.14289874,2015
5044577928,1254333.47357061,2016
5044579151,1002656.97272408,2011
5044579151,1348673.44305022,2012
5044579151,1610722.67780369,2013
5044579151,1942482.19453934,2014
5044579151,1776858.13216674,2015
5044579151,1978807.8855265,2016
5044579151,2523069.72111053,2017
5044579151,2061246.99771339,2018
5044579151,2185844.50816366,2019
5044579151,1926455.90899724,2020
5044581050,1792130.95338618,2011
5044581050,2697863.15767492,2012
5044581050,2923895.12634619,2013
5044581050,2787980.83575475,2014
5044581050,1954978.99284494,2015
5044581050,2041852.29479195,2016
5044581050,2359701.13832383,2017
5044581050,2716600.81018368,2018
5044581050,3181002.62867799,2019
5044581050,2852353.58068393,2020
5044582648,2767268.91456161,2011
5044582648,2578432.33344666,2012
5044582648,2783039.92337023,2013
5044582648,2962906.10056946,2014
5044582648,2248946.77756508,2015
5044582648,2479587.86233826,2016
5044582648,3456777.48485068,2017
5044582648,4229731.47421718,2018
5044582648,4300143.18734075,2019
5044582648,3260533.55874464,2020
5044588454,206088.023701222,2013
5044588454,271062.53501315,2014
5044588454,238406.008918909,2015
5044588454,246337.984785791,2016
5044588454,162763.065430189,2017
5044588454,342003.931784555,2018
5044588454,236135.359262515,2019
5044588454,168839.536260803,2020
5044590258,583588721.0033,2017
5044590258,11812368.0612028,2020
5044594299,591301.358535732,2011
5044594299,795918.677313676,2012
5044594299,1195821.49950932,2013
5044594299,883062.210365801,2014
5044594299,890107.10629213,2015
5044594299,797648.830271553,2016
5044594299,1044275.23303908,2017
5044594299,1252415.69266232,2018
5044594299,1224127.52234258,2019
5044594299,1200968.52703515,2020
5044594302,561996.741322145,2010
5044594302,721391.231311197,2011
5044594302,562908.106701197,2012
5044594302,554223.495143618,2013
5044594302,409220.069006935,2014
5044594302,313731.369401108,2015
5044594302,228819.027957774,2016
5044601039,2234936.86648728,2011
5044601039,2374849.24257918,2012
5044601039,2569117.14835474,2013
5044601039,2501160.70181835,2014
5044601039,2325515.13079451,2015
5044601039,2305470.88325164,2016
5044601039,2632547.25916774,2017
5044601039,3157501.97818372,2020
5044601134,769281.459201066,2011
5044601134,988832.155642029,2012
5044601134,1268889.07154885,2013
5044601134,1169245.67363864,2014
5044601134,723670.377437897,2015
5044601134,589685.703299514,2016
5044601134,507665.751698922,2017
5044601134,655968.7062707,2018
5044601134,583854.912858618,2019
5044601136,404565.208741281,2011
5044601136,555164.033084091,2012
5044601136,578749.673170871,2013
5044601136,500263.973896848,2014
5044601136,378615.590806567,2015
5044601136,344062.777976091,2016
5044601136,308208.33446416,2017
5044601136,305725.197560735,2018
5044603553,1056444.13166009,2011
5044603553,1190694.34126126,2012
5044603553,1125308.73768097,2013
5044603553,1061011.66083245,2014
5044603553,838025.710183151,2015
5044604006,2831599.07142859,2011
5044604006,2942059.612401,2012
5044604006,4000492.14933414,2013
5044604094,3150390.73768056,2011
5044604094,3693234.75326028,2012
5044604094,5025822.64741791,2013
5044604094,4685577.7485127,2014
5044604094,1181961.80334197,2015
5044604094,1230974.86446659,2016
5044604094,1626904.03347407,2017
5044604094,1828079.26860029,2018
5044604094,1347541.23371051,2019
5044604094,970694.011061005,2020
5044607168,915811.26095365,2011
5044607168,1091742.28948713,2012
5044607168,1062290.08580539,2013
5044607168,972355.270930908,2014
5044607168,1035412.95844344,2015
5044607168,890606.560379399,2016
5044607168,3001065.12234041,2017
5044607168,4179064.22506391,2018
5044607168,4281830.18500873,2019
5044607168,3945597.57731895,2020
5044609529,1345572.44780117,2011
5044609529,1232340.24826881,2012
5044609529,1201953.04401614,2013
5044609529,1136138.79913322,2014
5044609529,974630.613103839,2015
5044609529,1002632.54281706,2016
5044609529,1066679.37522999,2017
5044609529,1064750.1047791,2018
5044609529,951138.667703831,2019
5044609529,771563.616747095,2020
5044609853,3290308.82886626,2011
5044609853,3344235.16891604,2012
5044609853,3351740.67637715,2013
5044609853,2484129.76156796,2014
5044609853,1460392.17872172,2015
5044609853,1059598.94665238,2016
5044609853,1136556.07817137,2017
5044609853,1740149.45514256,2018
5044609859,632043.791218158,2011
5044609859,736203.265199547,2012
5044609859,1882895.1256339,2013
5044609859,1793819.59459672,2014
5044609859,1433543.53538153,2015
5044609859,1374105.93351726,2016
5044609859,1426841.0988828,2017
5044609859,1478819.58997097,2018
5044609859,1346631.27086171,2019
5044609859,1259843.71592711,2020
5044614094,887577.46988425,2011
5044614094,792476.866817184,2012
5044614094,1048323.78998432,2013
5044614094,1019309.73236889,2014
5044614094,743185.363569424,2015
5044614094,746522.078712238,2016
5044614094,877515.753055913,2017
5044614094,1208758.23283365,2018
5044614094,1766806.61629318,2019
5044614094,1091430.81146987,2020
5044617011,3446309.4592687,2011
5044617011,3646942.40208247,2012
5044617011,3886888.25527735,2013
5044617011,3983807.50959727,2014
5044617011,2928242.31392683,2015
5044617011,2965589.9435944,2016
5044617011,3686752.9768536,2017
5044617011,4202184.23195909,2018
5044617011,3776459.56785875,2019
5044617011,2910268.84801786,2020
5044617012,1352184.15836805,2011
5044617012,2492731.25208402,2012
5044617012,2992023.39864411,2013
5044617012,2618785.60691213,2014
5044617012,2126884.88978699,2015
5044617012,1891689.80769466,2016
5044617012,2243562.909345,2017
5044617012,2656464.1965042,2018
5044617012,2376709.21569858,2019
5044617012,2152570.76488663,2020
5044620611,1819649.96493483,2011
5044620611,2176600.95798127,2012
5044620611,2163072.64545911,2013
5044620611,2218160.59186334,2014
5044620611,1578476.48970867,2015
5044620611,1412838.32106219,2016
5044620611,1370527.98472727,2017
5044620611,1645701.76740054,2018
5044620611,1570368.38630939,2019
5044620611,1400845.5270053,2020
5044621519,2870018.4706686,2011
5044621519,3416169.00829271,2012
5044621519,3458702.0638849,2013
5044621519,3187491.67714231,2014
5044621519,1833165.7036163,2015
5044621519,1078071.31609689,2016
5044621519,1378520.81383321,2017
5044621519,1664025.60265258,2018
5044621519,1795470.44603025,2019
5044624696,1805683.92521557,2010
5044624696,2526745.60583114,2011
5044624696,3181609.62295681,2012
5044624696,3204583.60821364,2013
5044624696,2814402.66829273,2014
5044624696,1781705.80388094,2015
5044624696,1764885.92970139,2016
5044624696,2373628.03752359,2017
5044624696,3952530.34412688,2020
5044630248,476579.24545627,2011
5044630248,966976.658989307,2012
5044630248,996546.303037894,2013
5044630248,887359.73734487,2014
5044630248,720935.793393989,2015
5044630248,945308.609250555,2016
5044630248,870249.54477778,2017
5044630248,932056.022651975,2018
5044630248,744690.846383279,2019
5044630248,590565.074084692,2020
5044630471,0.0,2014
5044630471,0.0,2015
5044630471,0.0,2016
5044630471,0.0,2017
5044630471,0.0,2018
5044630471,0.0,2019
5044630471,0.0,2020
5044630619,314416593.69092,2017
5044630619,1384125.9447088,2018
5044630619,1136227.15084418,2020
5044632323,482297.481622225,2011
5044632323,555336.123608915,2012
5044632323,574151.014790761,2013
5044632323,453946.183122434,2014
5044632323,432685.775311117,2015
5044632323,475276.189320627,2016
5044632323,589773.90524183,2017
5044632323,585009.961704109,2018
5044632323,514015.264213539,2019
5044632323,420232.326511412,2020
5044632607,2872162.80923083,2011
5044632607,3057876.53560794,2012
5044632607,3351400.03501566,2013
5044632607,3405233.04408182,2014
5044632607,3114194.02891259,2015
5044632607,3859771.80128564,2016
5044632607,4360572.69117917,2017
5044632607,4419610.67978185,2018
5044632607,4560051.32602805,2019
5044632607,4281996.75442986,2020
5044633438,1366301.05390275,2011
5044633438,1849628.96081457,2012
5044633438,1785471.69624786,2013
5044633438,1727446.67791998,2014
5044633438,1361822.8538663,2015
5044633438,1507464.5232489,2016
5044633438,1555210.77846316,2017
5044633438,1011377.32290406,2018
5044633438,1663070.85153046,2019
5044633438,1629840.14756875,2020
5044634233,610957.795356201,2011
5044634233,691459.728745157,2012
5044634233,696781.904927026,2013
5044634233,742357.993717753,2014
5044634233,692844.157306568,2015
5044634233,803011.776239314,2016
5044634233,852931.748381562,2017
5044634233,932670.916452378,2018
5044634233,995271.865870428,2019
5044634233,942749.627927505,2020
5044635197,1508542.17853087,2011
5044635197,1574972.48319454,2012
5044635197,1475828.6986538,2013
5044635197,1550611.40111457,2014
5044635197,1365178.93428382,2015
5044635197,1309154.69901883,2016
5044635197,1416789.51076472,2017
5044635197,1662795.81505177,2018
5044635197,1608359.33524661,2019
5044635197,1436682.59850475,2020
5044635622,626146.860172017,2011
5044635622,686641.194050069,2012
5044635622,979854.876324903,2013
5044635622,949116.791710755,2014
5044635622,642254.352494266,2015
5044635622,454539.464911954,2016
5044635622,712572.825142285,2017
5044635622,653755.088589246,2018
5044635622,580215.061463435,2019
5044635674,1768950.59021562,2013
5044635674,98843.1205185945,2014
5044635674,143068.46520629,2015
5044635932,1942413.34762267,2011
5044635932,1971641.1429152,2012
5044635932,2056281.57863211,2013
5044635932,1859555.84060989,2014
5044635932,1364184.54008604,2015
5044635932,1274235.96193985,2016
5044635932,1268922.1723047,2017
5044635932,1283775.27648291,2018
5044635932,1230269.77157195,2019
5044635932,1151799.2116743,2020
5044637111,352131249.876678,2017
5044637877,5002843.64717532,2012
5044637877,5903825.75665742,2013
5044637877,7314868.42137367,2014
5044639932,843618.529358475,2011
5044639932,964051.120067289,2012
5044639932,1192415.08589443,2013
5044639932,1340350.91447196,2014
5044639932,1316702.21714181,2015
5044639932,1449068.00048884,2016
5044639932,1614914.78981515,2017
5044639932,2540003.31070773,2018
5044639932,3658391.8882275,2019
5044639932,4221521.69627454,2020
5044640193,75927.5833408679,2010
5044640193,506778.680207717,2011
5044640193,566694.098247337,2012
5044640193,641427.683684962,2013
5044640193,635715.657570477,2014
5044640193,624603.855483585,2015
5044640193,676088.721668986,2016
5044640193,877273.546113309,2017
5044640193,1106808.84072671,2018
5044640193,1127671.46037022,2019
5044640193,1143159.91765211,2020
5044640213,2005671.33520854,2011
5044640213,2103290.394406,2012
5044640213,2180445.35489508,2013
5044640213,2178687.01072226,2014
5044640213,1842363.84994581,2015
5044640529,1889900.54603907,2010
5044640529,2060173.27366529,2011
5044640529,2167308.06964074,2012
5044640529,2174995.09311125,2013
5044640529,2048487.86002305,2014
5044640529,1688108.45001444,2015
5044640529,1604712.61013095,2016
5044640529,1852277.59356751,2017
5044640529,2097525.73193721,2018
5044640529,2055264.83936146,2019
5044640529,1782894.30709766,2020
5044641698,2467776.29536974,2011
5044641698,2546423.49582929,2012
5044641698,2689533.86964132,2013
5044641698,2469645.50397184,2014
5044641698,1597245.68019186,2015
5044641698,1662036.54369746,2016
5044641698,1622302.10156459,2017
5044641698,1975161.86565686,2018
5044641698,1858030.39188497,2019
5044641698,1642319.12782303,2020
5044644974,332372.477146105,2011
5044644974,999157.587131503,2012
5044644974,993991.492826722,2013
5044644974,847249.485540223,2014
5044647374,460854.095999895,2011
5044647374,477207.025338556,2012
5044647374,334680.137663555,2013
5044647374,375954.02683562,2014
5044647374,310250.989708862,2015
5044647374,319274.049947332,2016
5044647374,313294.680258853,2017
5044647374,380496.283689828,2018
5044647374,311776.021068668,2019
5044647818,857735.424893175,2011
5044647818,856666.632576752,2012
5044647818,887881.708722704,2013
5044647818,2101013.18976723,2014
5044647818,1764055.30687026,2015
5044647818,1631288.98681563,2016
5044647818,1927119.53883229,2017
5044647818,1978974.20721937,2018
5044647818,1821518.13257703,2019
5044647818,1654051.50242106,2020
5044647819,4955745.1122005,2011
5044647819,5858133.55555348,2012
5044647819,6342231.18889456,2013
5044647819,6228867.43699626,2014
5044647819,3748741.82637402,2015
5044647819,1482318.26548896,2016
5044647819,1879889.18502442,2017
5044647819,2476669.24926615,2018
5044647819,2532995.33497927,2019
5044647819,1842196.12779317,2020
5044650685,1124884.27077136,2011
5044650685,1107918.79882064,2012
5044650685,1439380.07297441,2013
5044650685,1212380.11109522,2014
5044650685,1010553.10349882,2015
5044650685,3329647.91092215,2020
5044650685,2870027.914848,2021
5044650999,1605573.49847191,2011
5044650999,1772532.40569316,2012
5044650999,5257118.13186936,2013
5044650999,5926608.03946838,2014
5044650999,888491.21572073,2015
5044650999,2150541.33307189,2016
5044650999,2840239.71245105,2017
5044650999,4885946.13800804,2018
5044650999,5323851.39223605,2019
5044650999,3961276.29609996,2020
5044652086,597198.289581873,2011
5044652086,752896.046107531,2012
5044652086,1197354.38563603,2013
5044652086,1156353.09270143,2014
5044652086,833675.235567842,2015
5044652086,608396.425898144,2016
5044652086,600673.21765903,2017
5044652517,965718.259823084,2013
5044652517,735832.119416204,2014
5044652517,393531.50377334,2015
5044652517,173163.566470128,2016
5044652517,153438.098139918,2017
5044652517,312120.093084934,2018
5044652517,202352.988500971,2019
5044653155,824319.482298378,2011
5044653155,1027036.25215309,2012
5044653155,1029418.19442164,2013
5044653155,955961.001344088,2014
5044653155,2268337.46442188,2015
5044653155,2006337.67482767,2016
5044653155,2008258.86460478,2017
5044653155,2014269.11136254,2018
5044656786,2209028.48912023,2010
5044656786,2805330.92404124,2011
5044656786,3471410.0667614,2012
5044656786,3814331.64528006,2013
5044656786,4646263.33503751,2014
5044656786,4425551.37724131,2015
5044656786,4518818.27243486,2016
5044656786,6545884.8308278,2017
5044656786,8008130.89893802,2018
5044656786,7187227.81585769,2019
5044656786,6751448.29141431,2020
5044661188,257856.712108511,2011
5044661188,479444.202161276,2012
5044661188,610088.678427916,2013
5044661188,588761.196132498,2014
5044661188,418639.957267406,2015
5044661188,371115.860969015,2016
5044661188,318986.543410057,2017
5044661188,217180.490302598,2018
5044661188,162883.349934452,2019
5044661762,1499964.82428194,2011
5044661762,1820201.48106957,2012
5044661762,2208037.30517574,2013
5044661762,1523393.73024713,2014
5044661762,1171644.96353996,2015
5044661762,1058883.88719001,2016
5044661762,1090294.55213392,2017
5044661762,1137553.5307469,2018
5044661762,961489.495108883,2019
5044661762,1058260.1887427,2020
5044661990,905268.263022671,2011
5044661990,1133388.19649467,2012
5044661990,983942.572662779,2013
5044661990,984770.348870442,2014
5044662134,989969.636230872,2011
5044662134,979367.176776677,2012
5044662134,985475.458789482,2013
5044662134,869532.958765027,2014
5044662134,778610.656865508,2015
5044662134,849133.111562053,2016
5044662134,984329.014744475,2017
5044662134,989610.082369764,2018
5044662134,876521.714102574,2019
5044662134,859343.11033057,2020
5044662136,0.0,2010
5044662136,0.0,2011
5044662136,0.0,2012
5044662136,0.0,2013
5044662136,0.0,2014
5044662136,0.0,2015
5044662136,0.0,2016
5044662136,0.0,2017
5044662136,0.0,2018
5044662136,0.0,2019
5044662136,0.0,2020
5044673840,3984538.43838917,2011
5044673840,4190748.46052814,2012
5044673840,4166043.8510181,2013
5044673840,4014367.70144843,2014
5044673840,3598215.40468434,2015
5044673840,3040075.30425774,2016
5044673840,2615713.87665673,2017
5044673840,2664211.85838928,2018
5044673840,2581792.09274594,2019
5044673840,3619224.24759181,2020
5044674444,5539.54128576842,2011
5044674444,852364.369456138,2012
5044674444,1306189.30063196,2013
5044675075,747301.988938179,2011
5044675075,818978.80764017,2012
5044675075,944939.136772216,2013
5044675075,908369.869242542,2014
5044675075,665249.71831804,2015
5044675075,635330.332314007,2016
5044675075,670913.23101432,2017
5044675075,825925.352702291,2018
5044675075,776880.782159431,2019
5044675075,791721.969465536,2020
5044676120,3912000.32278822,2020
5044677060,4969683.31285502,2011
5044677060,5004908.73347322,2012
5044677060,4764039.76111313,2013
5044677060,3892308.72687738,2014
5044677060,5498749.23012111,2015
5044677060,4825303.82339233,2016
5044678583,349687.946443544,2012
5044678583,442833.769936511,2013
5044678583,476866.327010804,2014
5044678583,447974.586102058,2015
5044678583,539989.070664935,2016
5044678583,466490.571456166,2017
5044678583,6055843.08265618,2018
5044678583,5647001.94891466,2019
5044678583,6594021.15589887,2020
5044683972,2804973.53428087,2011
5044683972,2122392.44266153,2012
5044683972,2092559.88363076,2013
5044683972,1769944.444713,2014
5044683994,1140073.33558718,2011
5044683994,1171076.02143126,2012
5044683994,1340934.7195039,2013
5044683994,1209992.59610685,2014
5044683994,1000484.86224624,2015
5044683994,1007757.1356307,2016
5044683994,1096228.62222773,2017
5044683994,645392.532903755,2018
5044683994,579760.080039037,2019
5044683994,545875.392661271,2020
5044684741,1708501.74945909,2011
5044684741,2109657.74382451,2012
5044684741,2713208.44426485,2013
5044684741,3092468.58060511,2014
5044684741,972020.328334654,2015
5044684741,691581.67668696,2016
5044684741,360161.723652814,2017
5044684741,410011.186109207,2018
5044684741,339416.142600841,2019
5044684741,324880.11841466,2020
5044686387,1497820.48571971,2011
5044686387,1753430.35743763,2012
5044686387,2173291.8863038,2013
5044686387,2375736.58109588,2014
5044686387,2133597.05062204,2015
5044686387,2102274.81936205,2016
5044686387,2464213.43405765,2017
5044686387,3092915.81603076,2018
5044686387,3005721.03492869,2019
5044686387,2619839.24774107,2020
5044686879,194420.029642453,2011
5044686879,451393.44661487,2012
5044686879,530037.958477855,2013
5044686879,401898.356375928,2014
5044686879,237038.716896955,2015
5044687721,1475304.93081626,2011
5044687721,1585297.91468402,2012
5044687721,1798756.70934596,2013
5044687721,1720124.96528897,2014
5044687721,1186063.67940784,2015
5044687721,1026706.21138345,2016
5044687721,979363.772421084,2017
5044687721,1063397.33841821,2018
5044687721,1087633.0950232,2019
5044687721,944242.839239982,2020
5044688554,355602.811570295,2011
5044688554,275689.020768975,2012
5044688554,284776.178205326,2013
5044688554,263740.822382143,2014
5044688554,214291.949622627,2015
5044688554,205460.418853751,2016
5044688554,216290.799745772,2017
5044688554,224190.2796272,2018
5044688554,218732.319779295,2019
5044688554,200836.92152817,2020
5044693258,313252.124966195,2011
5044693258,373608.52939416,2012
5044693258,546729.385190846,2013
5044693258,766392.311267363,2014
5044693258,708008.668822787,2015
5044693258,806706.250128215,2016
5044693258,869038.510064758,2017
5044693258,1173463.32869048,2018
5044693258,1271900.57190436,2019
5044693258,1016876.9037969,2020
5044694057,2233507.30744579,2011
5044694057,1746546.73644465,2012
5044694057,2119129.90982695,2013
5044694057,1822310.60679129,2014
5044694057,2367776.88420036,2015
5044694057,2013726.62260547,2016
5044694057,1867536.63095159,2017
5044694057,2555129.69819766,2018
5044694057,2730571.01852406,2019
5044694057,1788440.520544,2020
5044694578,704568.186023338,2010
5044694578,795549.60658842,2011
5044694578,905024.070052459,2012
5044694578,902529.287266758,2013
5044694578,850273.671192161,2014
5044694578,701172.208713016,2015
5044694578,666792.948658201,2016
5044694578,731828.277079338,2017
5044694578,712784.893428004,2018
5044694578,652557.107942702,2019
5044694937,3406103.11122683,2011
5044694937,3985100.28336277,2012
5044694937,4355099.80664484,2013
5044694937,4036969.51000501,2014
5044694937,2381822.70224407,2015
5044694937,2562534.75997295,2016
5044694937,2533121.30922861,2017
5044694937,2340285.8043366,2018
5044694937,2108725.15672821,2019
5044695034,377422113.665793,2017
5044695034,3015860.21940017,2020
5044695038,4030641.71747718,2011
5044695038,4037932.07448391,2012
5044695038,4233490.84059304,2013
5044695038,5413292.31696844,2014
5044695038,3972107.62305143,2015
5044695038,3847377.43727126,2016
5044695038,5082712.69055433,2017
5044695038,4622279.67639492,2018
5044695038,4551520.42432059,2019
5044695038,2909628.90031252,2020
5044696977,1319644.6344108,2013
5044696977,1341465.0881332,2014
5044696977,1118320.57468374,2015
5044696977,1292946.68453849,2016
5044696977,1445612.13693465,2017
5044696977,1733754.55961836,2018
5044696977,1804228.83844991,2019
5044696977,1688395.36260803,2020
5044701557,1024100.35834641,2011
5044701557,1570153.94849946,2012
5044701557,3471816.75630225,2013
5044701557,3187332.50947642,2014
5044701557,1284260.10643909,2015
5044701557,1928872.8997378,2016
5044701613,501060.444041763,2011
5044701613,626581.600886291,2012
5044701613,723522.251803961,2013
5044701613,638580.675556524,2014
5044701613,526158.829902889,2015
5044701613,546543.782403309,2016
5044701613,697313.787758205,2017
5044701613,965629.224154018,2018
5044701613,802814.723350112,2019
5044701613,954695.318427322,2020
5044703042,1303936.54071781,2011
5044703042,1620404.38174823,2012
5044703042,1682598.005078,2013
5044703042,1504771.11333783,2014
5044703042,1205454.36626464,2015
5044703042,1229425.56896479,2016
5044703042,1459539.0361344,2017
5044703042,1387077.43495073,2018
5044703042,1290896.04637297,2019
5044703042,1171957.56439274,2020
5044707474,938684.205617468,2011
5044707474,966804.568464483,2012
5044707474,1160565.11859515,2013
5044707474,971877.767933234,2014
5044708038,367041.06700507,2013
5044708038,360833.098575932,2014
5044708038,286634.127511472,2015
5044708038,89532622.8828688,2021
5044708133,648483.720195277,2011
5044708133,703850.246532526,2012
5044708133,667486.747838918,2013
5044708133,630622.292261951,2014
5044708133,527153.224100674,2015
5044708133,553694.377026989,2016
5044708133,594133.63020871,2017
5044708133,622887.419808979,2018
5044708133,645163.659796236,2019
5044708133,609550.18934333,2020
5044709325,2327322.11954348,2011
5044709325,2775992.25594528,2012
5044709325,3197770.78098384,2013
5044709325,3423537.32565934,2014
5044709325,1935091.10888925,2015
5044709325,1365525.21996884,2016
5044709325,1067890.40994301,2017
5044709325,1661811.98497112,2018
5044709325,2515478.55013995,2019
5044709325,1417377.50939344,2020
5044710087,4046069.36705848,2020
5044710930,1490851.38539245,2011
5044710930,1578414.29369104,2012
5044710930,1448236.74837314,2013
5044710930,1479781.78979287,2014
5044710930,1264123.62393394,2015
5044710930,1238602.16539851,2016
5044710930,1389177.91930781,2017
5044710930,1438482.55666449,2018
5044710930,1315806.27935876,2019
5044710930,1274349.19724831,2020
5044712029,359742241.498774,2017
5044712029,0.0,2018
5044712029,0.0,2019
5044712029,3754253.2134201,2020
5044713172,881579.843535146,2013
5044713172,986043.690197573,2014
5044713172,884637.938204314,2015
5044713172,851516.64310328,2016
5044713172,884539.754391443,2017
5044713172,974483.694879832,2018
5044713172,881071.528346553,2019
5044713172,1059326.76825161,2020
5044713449,1557504.57570186,2011
5044713449,2009156.87732696,2012
5044713449,2420427.19406452,2013
5044713449,1967630.68575019,2014
5044713449,1412164.06012916,2015
5044713449,936370.365970954,2016
5044713449,1100225.0367807,2017
5044713449,1576956.64051541,2018
5044713449,1481988.24462009,2019
5044715009,1191358.76620058,2011
5044715009,1225972.8988503,2012
5044715009,1393223.16849256,2013
5044715009,1069925.05012237,2014
5044715009,940945.509653879,2015
5044715009,810043.194285933,2016
5044715009,805459.18763109,2017
5044715009,656214.663790861,2018
5044715009,667798.985660032,2019
5044715009,592591.575151626,2020
5044715259,417967.324755237,2011
5044715259,599563.388488832,2012
5044715259,660673.920609125,2013
5044715259,571093.585218546,2014
5044715259,500180.281485761,2015
5044715259,758797.266149556,2016
5044715259,787535.873878361,2017
5044715259,813258.540413974,2018
5044715259,913830.190903202,2019
5044715259,789375.494545929,2020
5044716788,0.0,2020
5044717534,863632.355939315,2011
5044717534,978678.814677379,2012
5044717534,1300568.71816738,2013
5044717534,993524.570494472,2014
5044717534,676188.054493672,2015
5044717534,731863.359733693,2016
5044717556,356911474.723602,2017
5044717556,5486271.67794264,2020
5044717764,5731280.89220808,2011
5044717764,5743177.08497066,2012
5044717764,5275683.08607055,2013
5044717764,4634166.59242976,2014
5044717764,3645946.32617801,2015
5044717764,3437886.7184885,2016
5044717764,3981761.03294582,2017
5044717764,4129872.72103162,2018
5044717764,4115534.4743913,2019
5044717764,3338713.8367479,2020
5044718833,4876352.37545534,2017
5044718833,5040445.56915378,2018
5044720454,1107936.028245,2013
5044720454,1019150.564703,2014
5044720454,598625.307066457,2015
5044720454,339057.361739514,2016
5044720454,285440.881859341,2017
5044720454,321466.47885107,2018
5044720454,244097.534189479,2019
5044722224,493899.806246541,2012
5044722224,615368.619531005,2013
5044722224,703043.580242564,2014
5044722224,621863.379106076,2016
5044722224,639184.121533137,2017
5044722224,547993.354919804,2018
5044722799,264242961.656,2017
5044722799,3279625.33195416,2020
5044724148,3388843.07366677,2020
5044727426,1462438.89944286,2011
5044727426,1556730.88756314,2012
5044727426,1506656.74186861,2013
5044727426,1760871.88775718,2014
5044727426,1354116.29883347,2015
5044727426,1304268.45935931,2016
5044727426,1604863.20169707,2017
5044727426,1683087.31046509,2018
5044727426,1652378.78805711,2019
5044727426,1605522.13476555,2020
5044729925,1241750.72241306,2011
5044729925,1408733.036214,2012
5044729925,1389816.75487767,2013
5044729925,1141550.49977353,2014
5044729925,833426.637018396,2015
5044729925,896327.036078344,2016
5044729925,973914.116212484,2017
5044729925,927751.766049148,2018
5044729925,819990.272121133,2019
5044730162,17075.4172142127,2010
5044730162,421898.61211933,2011
5044730162,1528852.22254156,2012
5044730162,1318963.35168782,2013
5044730162,1992460.84162925,2014
5044730162,1843358.2441436,2015
5044730162,1723412.48088405,2016
5044730162,1910649.46673518,2017
5044730162,1830784.80132207,2018
5044730162,1658066.05586208,2019
5044730162,3349059.65798435,2020
5044731508,236592.021366367,2011
5044731508,1808327.23485667,2012
5044731508,2146210.89806537,2013
5044731508,2064245.4589463,2014
5044731508,1332861.12285582,2015
5044731508,1078071.31609689,2016
5044731508,969796.598188208,2017
5044731508,813381.519174055,2018
5044732659,3047283.79181319,2011
5044732659,3062006.70820373,2012
5044732659,3248526.3438458,2013
5044732659,3339815.13340043,2014
5044732659,2607923.08296539,2015
5044732659,2671581.32798408,2016
5044732659,2961222.08028198,2017
5044732659,3305915.02849062,2018
5044732659,2923710.63318097,2019
5044732771,3323903.46634124,2011
5044732771,3777042.83884985,2012
5044732771,4263467.28040413,2013
5044732771,4158255.2714143,2014
5044732771,2992256.44040922,2015
5044732771,2592328.90423828,2016
5044732771,2714413.20576804,2017
5044732771,2742918.26484096,2018
5044732771,3056337.71839296,2019
5044732771,2545391.998019,2020
5044732776,1470837.55881161,2011
5044732776,1895060.85936826,2012
5044732776,2038227.58647316,2013
5044732776,1958398.96112848,2014
5044732776,1672322.44212461,2015
5044732776,1876435.20583081,2016
5044732776,1975682.03082448,2017
5044732776,2219766.61945747,2018
5044732776,2317789.12123905,2019
5044732776,2281733.5434159,2020
5044736640,1087537.04081247,2011
5044736640,1089333.02213958,2012
5044736640,1247428.665775,2013
5044736640,1166539.82331848,2014
5044736640,1813899.31603422,2015
5044736640,1315828.58733426,2016
5044736640,1050935.9239607,2017
5044736640,1158951.83500095,2018
5044736640,1273947.98831415,2019
5044736640,1354769.29222029,2020
5044736655,966833.331973672,2010
5044736655,1105227.83395089,2011
5044736655,1116351.23453704,2012
5044736655,1047301.86589985,2013
5044736655,958666.851664243,2014
5044736655,750146.122953918,2015
5044736655,743065.957977459,2016
5044736655,685930.061455795,2017
5044736655,591896.772268631,2018
5044736655,576347.719356053,2019
5044738208,160943.876493962,2012
5044738208,134537.577192443,2013
5044738208,180213.738468738,2014
5044738208,405497.6269656,2016
5044738208,413766.082669843,2017
5044738208,331888.802859203,2018
5044738208,289355.399899598,2019
5044738208,370195.434974749,2020
5044738867,2546580.7375318,2011
5044738867,2752243.76351949,2012
5044738867,3028982.98636574,2013
5044738867,2730839.64369972,2014
5044738867,2325142.23297034,2015
5044738867,1953304.09803537,2016
5044738867,1774650.26846279,2017
5044738867,2038495.92709845,2018
5044738867,1824475.51183562,2019
5044738867,1909390.63685464,2020
5044738999,1756391.97734896,2011
5044738999,2096578.86393784,2012
5044738999,2300691.75550092,2013
5044738999,2298858.59847031,2014
5044738999,1805074.06752888,2015
5044738999,1431668.22023789,2016
5044738999,1316515.83652647,2017
5044738999,1432825.53370077,2018
5044741178,874354.04875048,2011
5044741178,1024626.98480554,2012
5044741178,1168910.83195164,2013
5044741178,986521.193195248,2014
5044741178,856422.00284217,2015
5044741178,916944.583909956,2016
5044741178,992200.740379119,2017
5044741178,1041999.03416416,2018
5044741178,966949.272201658,2019
5044741178,1031489.043069,2020
5044742390,429413.226841902,2011
5044742390,436677.371523106,2012
5044742390,446595.615789828,2013
5044742390,483491.554875168,2014
5044742390,395793.98660708,2015
5044742390,316031.030123171,2016
5044742390,324072.887491975,2017
5044742390,324438.886880481,2018
5044742390,350237.806270558,2019
5044743930,487063.842479192,2010
5044743930,515177.339576463,2011
5044743930,862345.619895963,2012
5044743930,881579.843535146,2013
5044743930,985088.684202224,2014
5044743930,851574.331127969,2015
5044743930,871419.131472523,2016
5044743930,955506.388574546,2017
5044743930,961079.010031031,2018
5044743930,971499.086445638,2019
5044745025,3156466.36360688,2011
5044745025,1975427.13446134,2012
5044745025,1781043.3585485,2013
5044745025,1917333.70332849,2014
5044745025,1263377.8282856,2015
5044745025,1243250.05190391,2016
5044745025,1224719.40527939,2017
5044745025,1271846.33675508,2018
5044745025,1183975.41163946,2019
5044745025,1050794.13218031,2020
5044746849,2582402.16145284,2013
5044746849,2418075.18022301,2014
5044746849,1818498.38919898,2015
5044746849,1786456.8901495,2016
5044746849,1844405.86793287,2017
5044746849,2238336.41222966,2018
5044746849,2302660.98887782,2019
5044746849,2274907.43455886,2020
5044746993,1893272.2555715,2011
5044746993,1953571.63780862,2012
5044746993,2173462.20698454,2013
5044746993,2294561.07149124,2014
5044746993,1763558.10977137,2015
5044746993,1780259.70814231,2016
5044746993,2171748.55086278,2017
5044746993,2166147.88006226,2018
5044746993,2251134.34256476,2019
5044747663,729491.734731389,2012
5044747663,1868758.50913208,2013
5044747663,1864490.03825252,2014
5044747663,1477918.37645768,2015
5044747663,1630573.92735326,2016
5044747663,1950976.92267882,2017
5044747663,1716906.4694873,2018
5044747663,2229295.23419366,2019
5044747663,2057751.84654433,2020
5044747972,1803924.81547846,2011
5044747972,1630385.63218806,2012
5044747972,1686174.73937364,2013
5044747972,1640063.62934557,2014
5044747972,1395010.76021737,2015
5044747972,1323932.59457443,2016
5044747972,1401893.78379454,2017
5044747972,1519894.49583794,2018
5044747972,1524187.771733,2019
5044747972,1516249.4298696,2020
5044749161,2560518.93818631,2011
5044749161,2712835.03333466,2012
5044749161,3254317.24699112,2013
5044749161,3147858.92833534,2014
5044749161,2535580.90507655,2015
5044749161,1641418.99586585,2016
5044749161,1580642.50743662,2017
5044749161,1941588.66415482,2018
5044749161,1920021.61095918,2019
5044750095,1069131.46815331,2011
5044750095,1141132.27011178,2012
5044750095,1220007.03617509,2013
5044750095,1213971.78775414,2014
5044750095,894581.880182162,2015
5044750095,1405751.7927463,2020
5044750100,1171702.32938011,2011
5044750100,1098970.09152976,2012
5044750100,1085964.66042892,2013
5044750100,1126907.07451151,2014
5044750100,938583.82343414,2015
5044750100,894777.740576546,2016
5044750100,911666.931963141,2017
5044750100,1018756.0485089,2018
5044750100,1029964.19948077,2019
5044750100,853156.949178879,2020
5044750132,1421517.77188025,2011
5044750132,1362612.77556101,2012
5044750132,1495074.93557796,2013
5044750132,1369319.4296642,2014
5044750132,1064623.28800336,2015
5044750132,1159588.09480685,2016
5044750132,1585728.85323132,2017
5044750132,1685423.90690663,2018
5044750132,1430575.34366313,2019
5044750132,1201181.84293693,2020
5044751381,3707025.28946019,2011
5044751381,3683769.77439493,2012
5044751381,3754038.1242964,2013
5044751381,3470014.28409964,2014
5044751381,2888715.14456488,2015
5044751381,2950216.16515349,2016
5044751381,3540823.29393442,2017
5044751381,3964466.28872301,2018
5044751381,3807853.28614221,2019
5044751381,3692071.62805052,2020
5044751479,1219413.8623898,2011
5044751479,1250065.57232574,2012
5044751479,1322029.12394123,2013
5044751479,1251535.35690452,2014
5044751479,1027706.4034106,2015
5044751479,997150.420272238,2016
5044751479,1088720.20700699,2017
5044751479,1104472.24428518,2018
5044751479,1054419.45104216,2019
5044751479,1019969.98437275,2020
5044752956,509941.585931244,2010
5044752956,846727.861246319,2012
5044752956,625244.776373119,2013
5044752956,503665.753354402,2014
5044752956,434757.703362736,2015
5044752956,362426.322940989,2016
5044752956,250098.079397958,2017
5044752956,283180.300155793,2018
5044752956,200662.717504631,2019
5044752958,2452944.62031429,2011
5044752958,2874428.03614494,2012
5044752958,3314440.44729404,2013
5044752958,3479723.51171902,2014
5044752958,3317050.44526069,2015
5044752958,3528341.74047805,2016
5044752958,3777943.89074417,2017
5044752958,4380257.47655601,2018
5044752958,4795959.19457837,2019
5044752958,4696362.89364226,2020
5044753029,1909533.48966843,2011
5044753029,1386705.44903645,2012
5044753029,1454708.93424144,2013
5044753029,1449858.26860528,2014
5044753029,1558215.7079288,2015
5044753029,1537854.55039954,2016
5044753029,1740135.77914165,2017
5044753029,1726867.74905384,2018
5044753029,1504282.33441559,2019
5044753167,67725.3595905236,2011
5044753167,49045.7995750049,2012
5044753167,56546.4660072776,2013
5044753167,42975.2697906933,2014
5044753167,34182.3005488529,2015
5044753167,23835.3154122681,2016
5044753167,22646.3491335158,2017
5044753167,23365.9644153418,2018
5044753167,21497.8723028013,2019
5044753591,1995988.05764845,2013
5044753591,1912399.50568585,2014
5044753591,1480404.36195214,2015
5044753591,1631288.98681563,2016
5044753591,1616489.13494208,2017
5044753591,1681119.6503038,2018
5044753591,1705156.63328727,2019
5044753591,1474012.88131668,2020
5044754794,878803.753908168,2010
5044754794,1180994.46314979,2011
5044754794,1196029.14753082,2012
5044754794,1510574.11752574,2013
5044754794,1346558.45344172,2014
5044754794,908006.201852257,2015
5044754794,813737.668174834,2016
5044754794,907065.000053656,2017
5044754794,761853.418700222,2018
5044755871,3243669.46513769,2011
5044755871,3251994.64761006,2012
5044755871,3395342.77064783,2013
5044755871,3112682.87417332,2014
5044755871,2660377.37689854,2015
5044755871,2564918.29151418,2016
5044755871,2739602.72779891,2017
5044755871,2852000.42503258,2018
5044755871,2627972.70732233,2019
5044755871,2570776.59033111,2020
5044756646,2195266.60308597,2011
5044756646,2269185.66033689,2012
5044756646,2043507.52757625,2013
5044756646,1872289.2538812,2014
5044756646,1468720.23012817,2015
5044756646,1434885.98781854,2016
5044756646,1466441.93399863,2017
5044756646,1726375.83401351,2018
5044756646,1665345.75865245,2019
5044756646,1679116.1208805,2020
5044757512,1737629.01492942,2011
5044757512,1850661.50396352,2012
5044757512,1814937.17401672,2013
5044757512,1785065.37297268,2014
5044757512,1331866.72865803,2015
5044757512,1421657.38776473,2016
5044757512,1570348.71237594,2017
5044757512,1568963.02111016,2018
5044757512,1507922.18581077,2019
5044759678,1916145.20023532,2011
5044759678,1654822.48671315,2012
5044759678,1557752.94609205,2013
5044759678,1446038.24462388,2014
5044759678,1520677.32696242,2015
5044759678,1748558.73864399,2016
5044759678,1858211.66366132,2017
5044759678,1519894.49583794,2018
5044760104,598806.543503548,2011
5044760104,1025831.61847931,2012
5044760104,1088860.11200158,2013
5044760104,1315520.75859289,2014
5044760104,1158220.64186986,2015
5044760104,1228829.68607948,2016
5044760104,1546975.74241461,2017
5044760104,2058541.46499161,2018
5044760104,1836760.01029436,2019
5044760104,1846782.4196815,2020
5044761033,2353198.57414508,2018
5044761033,2407589.92546754,2020
5044763196,2264064.13195761,2011
5044763196,2429746.11999823,2012
5044763196,2466243.45718488,2013
5044763196,2263364.20897651,2014
5044763196,1508247.39949011,2015
5044763196,1251354.05914408,2016
5044763196,1280790.31249232,2017
5044763196,1453854.90167458,2018
5044764167,579328.801563265,2011
5044764167,619870.070418132,2012
5044764167,673618.292345731,2013
5044764167,629985.621598385,2014
5044764167,551391.582671679,2015
5044764167,602795.126776261,2016
5044764167,627679.291759426,2017
5044764167,792352.151200247,2018
5044764167,693164.200070216,2019
5044764167,674504.881436084,2020
5044764241,1931870.34969169,2011
5044764241,2065430.47894459,2012
5044764241,2179253.11012987,2013
5044764241,2038460.29707188,2014
5044764241,1586555.94256567,2015
5044764241,1361711.56950288,2016
5044764241,1344854.04881119,2017
5044764241,1261885.05718854,2018
5044764406,679755.324227841,2011
5044764406,920856.39833632,2012
5044764406,822478.567316697,2013
5044764406,720870.358822407,2014
5044764406,550148.589924448,2015
5044764406,517107.167869157,2016
5044764406,496282.025396513,2017
5044764406,484167.378437897,2018
5044766376,1392541.88576958,2013
5044766376,1255992.05154948,2014
5044766376,1065866.2807506,2015
5044768595,2570704.54635692,2011
5044768595,2455043.42714744,2012
5044768595,2430646.43490921,2013
5044768595,2405341.76695169,2014
5044768595,1791774.04513351,2015
5044768595,1742242.38005974,2016
5044768595,1868747.66566462,2017
5044768595,2037389.11825772,2018
5044768595,1849840.7262458,2019
5044768595,1527555.17266407,2020
5044768596,2226772.58005767,2013
5044768596,1292123.11170684,2014
5044768596,935600.640840785,2015
5044768596,1587074.47672587,2016
5044768596,2260880.70574122,2017
5044768596,839207.058791011,2018
5044768596,886417.560083228,2019
5044770915,3145744.67079572,2011
5044770915,3324961.03013568,2012
5044770915,3363152.16198706,2013
5044770915,3632206.13564304,2014
5044770915,2987657.36724447,2015
5044770915,2924831.55423942,2016
5044770915,3349237.6023343,2017
5044770915,3777538.57340028,2018
5044770915,3936385.53853462,2019
5044770915,3608238.47865002,2020
5044771162,620249.929125877,2011
5044771162,843415.66216526,2012
5044771162,904062.173393462,2013
5044771162,969967.755942536,2014
5044772289,1446892.44486667,2011
5044772289,1502522.3722434,2012
5044772289,1677658.7053364,2013
5044772289,1638153.61735487,2014
5044772289,1295695.63971361,2015
5044772289,1219295.55991458,2016
5044772289,1422360.27044462,2017
5044772289,1373426.79258177,2018
5044772289,1432054.03329242,2019
5044772289,1310186.26874776,2020
5044772522,1914894.33607401,2011
5044772522,1606809.23028709,2012
5044772522,1403783.05069874,2013
5044772522,1368841.92666653,2014
5044772522,977738.094971917,2015
5044772522,983921.820218429,2016
5044772522,967495.632233466,2017
5044772522,1059953.93313595,2018
5044772522,984011.07561658,2019
5044774001,883168.573399737,2012
5044774001,1052411.48632219,2013
5044774001,1319499.95024017,2014
5044774001,1181159.05525495,2016
5044774001,1554847.46804925,2017
5044774001,1475376.18468871,2018
5044774001,1388034.58048192,2019
5044774001,1262510.16469939,2020
5044775604,1222809.06511333,2011
5044775604,1280353.50469487,2012
5044775604,1352005.56375232,2013
5044775604,1321409.96223087,2014
5044775604,1113845.80079371,2015
5044775604,1048277.17183155,2016
5044775604,1130016.49072105,2017
5044775604,1750725.6285095,2018
5044775604,1729611.88484866,2019
5044775604,1708873.68917915,2020
5044775790,2512628.71029644,2011
5044775790,2656905.61276667,2012
5044775790,2585127.29234475,2013
5044775790,1929589.61360213,2014
5044777333,2206345.68565751,2011
5044777333,2418732.32640945,2012
5044777333,2532327.88131386,2013
5044777333,2259385.01732923,2014
5044777333,1954854.69357022,2015
5044777333,1838656.23090236,2016
5044777333,1628357.2751297,2017
5044777333,1718997.10840867,2018
5044777333,1771356.43053716,2019
5044777333,1594856.33967643,2020
5044778094,2382002.75288042,2011
5044778094,2297580.59693295,2012
5044778094,2321470.87855179,2013
5044778094,2409161.79093309,2014
5044778094,1857031.16436314,2015
5044778094,1868450.3751677,2016
5044778094,2210017.24779428,2017
5044778094,2499789.25616133,2018
5044778094,2383761.42777675,2019
5044778094,2235870.62453267,2020
5044778107,2099486.14730623,2011
5044778107,2802838.37781791,2012
5044778107,2751700.91811318,2013
5044778107,2494793.99518269,2014
5044778107,2072690.40600772,2015
5044778107,2086424.33461289,2016
5044778107,2480441.29921215,2017
5044778107,2314091.3284394,2018
5044778107,2534701.51532076,2019
5044778107,2248456.26273784,2020
5044778583,1155083.70552281,2011
5044778583,2695625.9808522,2012
5044778583,2606417.37743786,2013
5044778583,2334989.65862767,2014
5044778583,1999975.3302947,2015
5044778583,2081538.09495338,2016
5044778583,2576476.35195481,2017
5044778583,2188652.99315704,2018
5044778583,2216783.24502272,2019
5044778583,2033860.4655447,2020
5044780176,1972434.08749393,2011
5044780176,2682891.28201518,2012
5044780176,2527729.22293375,2013
5044780176,2792915.03339739,2014
5044780176,1941927.56899902,2015
5044780176,1752610.74226408,2016
5044780176,2044468.80252414,2017
5044780176,2154341.91909451,2018
5044780176,1488585.47527386,2019
5044780176,1032662.2805288,2020
5044780187,2357919.50423118,2013
5044780187,2070930.50091374,2014
5044780187,1748890.79535404,2015
5044780187,1679197.97079429,2016
5044780187,1736744.88194519,2017
5044780187,1723424.34377158,2018
5044780187,1519182.97606462,2019
5044780187,1553366.39677975,2020
5044780414,221939.041191109,2011
5044780414,261921.778783009,2012
5044780414,275408.540764361,2013
5044780414,268356.684692996,2014
5044780414,236417.220523339,2015
5044780414,216424.663943395,2016
5044780414,196793.140866114,2017
5044780414,243006.029919554,2018
5044780414,280609.793497411,2019
5044782258,1118808.64484503,2011
5044782258,1114974.51033844,2012
5044782258,1235165.57676138,2013
5044782258,1032043.1456402,2014
5044782258,714596.530383111,2015
5044782258,676207.898246047,2016
5044782258,717416.963994374,2017
5044782258,700609.99618001,2018
5044782258,672690.03597231,2019
5044784867,419066378.247017,2017
5044784867,4369669.59006245,2020
5044785077,1400967.86065885,2011
5044785077,1472406.53039909,2012
5044785077,1410084.9158863,2013
5044785077,1389692.89089831,2014
5044785077,1194391.73081428,2015
5044785077,1218461.32387515,2016
5044785077,1333470.32250879,2017
5044785077,1514975.34543471,2018
5044785077,1444452.27710727,2019
5044785077,1459507.39999547,2020
5044786779,1678838.3993482,2011
5044786779,1764444.1510264,2012
5044786779,1862626.96462526,2013
5044786779,1764851.07940447,2014
5044786779,1276677.85068098,2015
5044786779,1184138.46968148,2016
5044786779,1165378.7043413,2017
5044786779,1249218.24490022,2018
5044786779,1413399.79489211,2019
5044788338,1689928.95377736,2012
5044788338,1659604.71317745,2013
5044788338,1653911.21627812,2014
5044789337,1133442.98537448,2010
5044789337,1081997.4995267,2011
5044789337,976957.909429133,2012
5044789337,938466.950903914,2013
5044789337,831969.389614643,2014
5044789337,751886.312800041,2015
5044789337,491365.027223908,2016
5044789337,588805.077471412,2017
5044789337,661994.665514656,2018
5044789337,671780.073123514,2019
5044789337,715568.192529204,2020
5044791813,762848.443514367,2011
5044791813,1013613.19121677,2012
5044791813,1283366.32941216,2013
5044791813,1697682.32439828,2014
5044791813,1200730.99382516,2015
5044791813,510998.242719841,2020
5044791814,809130.417482561,2011
5044791814,881963.939725965,2012
5044791814,912407.886749957,2013
5044791814,828945.203962706,2014
5044791814,640016.96554925,2015
5044791814,584561.110485876,2016
5044791814,646692.536753875,2017
5044791814,684007.86356911,2018
5044791967,802161.317155304,2011
5044791967,786281.6079235,2012
5044791967,779557.755769004,2013
5044791967,779125.72453868,2014
5044791967,515096.194452533,2015
5044791967,420812.493603594,2016
5044791967,516021.891218776,2017
5044791967,505934.618972189,2018
5044793033,1154726.31576244,2011
5044793033,1154555.3310481,2012
5044793033,1269229.71291034,2013
5044793033,1123882.88885957,2014
5044793033,1364806.03645966,2015
5044793033,1360162.27400108,2016
5044793033,1519969.66831421,2017
5044793033,1680873.69278364,2018
5044793033,1677175.2756868,2019
5044793033,1458120.84663389,2020
5044793128,1437242.92133663,2011
5044793128,1430932.71391637,2012
5044793128,1710189.95535866,2013
5044793128,1523234.56258124,2014
5044793128,1017513.86288331,2015
5044793128,923737.648802452,2016
5044793128,885629.685633163,2017
5044793128,838346.207470446,2018
5044793128,784501.721018096,2019
5044795024,810202.586763678,2011
5044795024,868368.788264824,2012
5044795024,988541.231042888,2013
5044795024,945296.76772936,2014
5044795024,744552.655591378,2015
5044795024,780010.696866475,2016
5044795024,780996.286428041,2017
5044795024,741192.987006657,2018
5044795024,840578.181575139,2019
5044795476,1733735.07986637,2010
5044795476,2030688.61843459,2011
5044795476,2313757.10626646,2012
5044795476,2318745.74765987,2013
5044795476,2157995.21415637,2014
5044795476,1850567.60207754,2015
5044795476,1997995.31443338,2016
5044795476,1788819.37460515,2017
5044795476,1761547.75939661,2018
5044795476,1532491.18272826,2019
5044796882,1193777.65134039,2013
5044796882,1276365.51278359,2014
5044796882,1077674.71184929,2015
5044796882,963542.62554094,2016
5044796882,626347.153575102,2017
5044796882,524012.496704059,2018
5044796882,618547.246468959,2019
5044798031,1588395.54413086,2012
5044798031,1694350.13204939,2013
5044798031,1655343.72527115,2014
5044798031,1286749.5025313,2016
5044798031,1318332.38859601,2017
5044798031,1337394.01587811,2018
5044798031,1062495.37132522,2019
5044801306,2533714.7061584,2011
5044801306,3647802.85470659,2012
5044801306,3681140.87293762,2013
5044801306,2164043.58546024,2014
5044801306,1526643.69214913,2015
5044801306,1112870.8765988,2016
5044801306,1009881.84718924,2017
5044801306,1161165.4526824,2018
5044801306,1172942.11209781,2019
5044801306,994052.102306183,2020
5044801307,2462341.47458933,2010
5044801307,2517096.0823011,2011
5044801307,2375365.51415366,2012
5044801307,2250787.79604269,2013
5044801307,2033207.76409747,2014
5044801307,1409056.57826108,2015
5044801307,1388883.82907286,2016
5044801307,1500472.00943455,2017
5044801307,1543137.4814932,2018
5044801307,1392356.9040137,2019
5044802017,130676.653696886,2014
5044802017,121316.092129747,2015
5044802017,112145.159014722,2016
5044802017,169181.549409207,2017
5044802017,282113.275625232,2018
5044802017,494337.317608329,2019
5044802017,553768.081027221,2020
5044802018,224585.576572845,2014
5044802018,37538.3809663767,2015
5044802018,12045309.0259492,2020
5044802424,2018001.28194138,2011
5044802424,2561567.46201385,2012
5044802424,2303927.84843507,2013
5044802424,3364804.45694539,2014
5044802424,2245217.79932338,2015
5044802424,2364582.46547406,2016
5044802424,2757041.62766643,2017
5044802424,2269204.08100993,2018
5044802424,2114639.91524539,2019
5044802424,1773615.06537012,2020
5044803270,394558.29545086,2011
5044803270,1496843.38492418,2012
5044803270,1441083.27978185,2013
5044803270,1886296.00847965,2014
5044804942,1474590.15129552,2011
5044804942,1548814.72342121,2012
5044804942,1586026.17909569,2013
5044804942,1552203.07777348,2014
5044804942,1360331.26256962,2015
5044804942,1307009.52063172,2016
5044804942,1290599.6936678,2017
5044804942,1184039.50205742,2018
5044804942,1136429.85278988,2019
5044804942,1032982.25438148,2020
5044805990,5536682.16768544,2011
5044805990,6411748.77391415,2012
5044805990,6907866.16964808,2013
5044807296,1027852.95083032,2011
5044807296,1067821.70653651,2012
5044807296,1356944.86349392,2013
5044807296,1428848.13670761,2014
5044807296,1261389.03989003,2015
5044807296,1116565.3504877,2016
5044807296,1308644.11089183,2017
5044807296,1773230.74160428,2018
5044807296,1397247.95432598,2019
5044807296,1336210.80876522,2020
5044807651,875247.52315141,2011
5044807651,884201.116548685,2012
5044807651,911896.924707723,2013
5044807651,948480.121047189,2014
5044807651,766677.92649209,2015
5044807651,807302.133013522,2016
5044807651,862256.715671833,2017
5044807651,829491.736744632,2018
5044807651,796899.964832939,2019
5044807651,840357.995071933,2020
5044808034,2487075.34242983,2011
5044808034,2380700.32042322,2012
5044808034,2525004.09204184,2013
5044808034,2393881.69500751,2014
5044808034,2075673.58860107,2015
5044808034,2073672.44086733,2016
5044808034,2311501.95674555,2017
5044808034,2370907.5155967,2018
5044808034,2687575.27391845,2019
5044808034,2416335.87744062,2020
5044808086,110741.540767903,2010
5044808086,139560.701425327,2011
5044808086,174155.611122474,2012
5044808086,148860.274970966,2013
5044808096,1633985.9844215,2011
5044808096,1824675.83471501,2012
5044808096,1867225.62300537,2013
5044808096,1845867.42134322,2014
5044808096,1494574.47927057,2015
5044808096,1414030.08683281,2016
5044808096,1408554.47471616,2017
5044808096,1306157.4108176,2018
5044808096,1147235.66161933,2019
5044808474,1027495.56106995,2011
5044808474,1038910.49836598,2012
5044808474,1246917.70373277,2013
5044808474,1189619.13487275,2014
5044808474,891474.398314084,2015
5044808474,908363.870361539,2016
5044808474,902341.964672869,2017
5044808474,996496.892934285,2018
5044808474,948522.524513543,2019
5044808474,845264.260812929,2020
5044809015,636153.773462438,2011
5044809015,641553.476546029,2012
5044809015,682645.288425206,2013
5044809015,694766.861616208,2014
5044809015,530012.107419305,2015
5044809015,541538.366166732,2016
5044809015,615932.25504311,2017
5044809015,603333.79695614,2018
5044809015,559285.915941131,2019
5044809164,2875736.70683455,2011
5044809164,2638836.10766009,2012
5044809164,2709631.70996921,2013
5044809164,3070503.44271209,2014
5044809164,2674174.59639281,2015
5044809164,2559316.99239229,2016
5044809164,2787196.39202068,2017
5044809164,3057620.91188759,2018
5044809164,3131068.41735032,2019
5044809476,1763003.68791585,2011
5044809476,1707482.18730947,2012
5044809476,1816981.02218565,2013
5044809476,1766761.09139517,2014
5044809476,1594138.19832378,2015
5044809476,1864994.25443292,2016
5044809476,1590936.30249731,2017
5044809476,1740641.37018288,2018
5044809476,1749289.83145386,2019
5044809476,1634959.72921153,2020
5044809571,1101296.5465868,2011
5044809571,1486862.13448436,2012
5044809571,1336676.70248528,2013
5044809571,1774401.13935796,2014
5044809571,1546034.37900594,2015
5044809571,1478385.43844593,2016
5044809571,1909559.53549346,2017
5044809571,1981187.82490082,2018
5044809571,2104971.55997693,2019
5044809571,2132839.04397175,2020
5044811758,2515130.43861905,2011
5044811758,2699067.79134869,2012
5044811758,2247381.38242779,2013
5044811758,2200015.47795171,2014
5044811758,1750133.78810127,2015
5044811758,1791819.83611726,2016
5044811758,1797417.72106761,2017
5044811758,1986844.84786453,2018
5044811758,1768171.56056638,2019
5044811758,1905444.29267167,2020
5044813366,1076815.34800131,2011
5044813366,1009483.01862098,2012
5044813366,905935.700881655,2013
5044813366,823692.670988288,2014
5044813366,794769.562579511,2015
5044813366,780725.756328843,2016
5044814269,1015407.09162187,2010
5044814269,1308403.91272246,2011
5044814269,1261595.63748899,2012
5044814269,1257307.2652582,2013
5044814269,1127225.4098433,2014
5044814269,804837.803832083,2015
5044814269,799913.185235719,2016
5044814269,778453.113530694,2017
5044818534,3445918.66227791,2010
5044818534,3903947.04742525,2011
5044818534,4610477.25057529,2012
5044818534,4537683.57640328,2013
5044818534,4420245.24947164,2014
5044818534,3662353.83044146,2015
5044818534,3936759.87006727,2016
5044818534,4515827.34138862,2017
5044818534,4578868.17408642,2018
5044818534,4843618.49878405,2019
5044818534,4046069.36705848,2020
5044822721,1169557.99081788,2011
5044822721,1332669.02424154,2012
5044822721,1348258.50877593,2013
5044822721,1381575.33993784,2014
5044822721,1315707.82294403,2015
5044822721,1392220.77323058,2016
5044822721,1741831.22773988,2017
5044822721,1652096.66292474,2018
5044822721,1667279.42970614,2019
5044822721,1486278.54566917,2020
5044822731,2278181.02749231,2011
5044822731,3107438.60675742,2012
5044822731,3711117.31274871,2013
5044822731,3733914.27414768,2014
5044822914,2059101.10438418,2011
5044822914,2333031.24504681,2012
5044822914,2343442.24636787,2013
5044822914,2391016.67702146,2014
5044822914,1723782.34185997,2015
5044822914,1448829.64733472,2016
5044822914,1333228.11556618,2017
5044822914,1765237.12219903,2018
5044822914,1623487.46760784,2019
5044824101,362393.217017366,2011
5044824101,358980.834784071,2012
5044824101,377600.949211248,2013
5044824101,405718.380357323,2014
5044824101,302171.53685186,2015
5044825434,1308225.21784228,2011
5044825434,1855996.31023308,2012
5044825434,2475100.13258361,2013
5044825434,1987208.30865483,2014
5044825434,1043616.71057516,2015
5044825434,1116684.52706476,2016
5044825434,775304.423276837,2017
5044825434,1331368.05663416,2018
5044827027,1861717.81859814,2010
5044827027,2325535.17074162,2011
5044827027,2159736.08654846,2012
5044827027,2116915.74097727,2013
5044827027,1729993.36057424,2014
5044827027,1402468.71670076,2015
5044827027,1606857.78851806,2016
5044827027,1780221.02814269,2017
5044827027,1914287.37941689,2018
5044827027,1878277.06527067,2019
5044827027,1700981.0008132,2020
5044827793,1228705.99615947,2011
5044827793,1773220.76779246,2012
5044827793,1956303.33903491,2013
5044827793,2033685.26709514,2014
5044827793,1800474.99436413,2015
5044827793,2421072.16300114,2016
5044827793,2992587.87934925,2017
5044827793,3576837.2369485,2018
5044827793,3658619.37893969,2019
5044827793,3189286.0475493,2020
5044829254,3553168.99761998,2011
5044829254,3862571.82968767,2012
5044829254,4159401.34446905,2013
5044829254,3252113.74949424,2014
5044829254,2611403.46265764,2015
5044829254,2611039.62683691,2016
5044829254,2397848.73178403,2017
5044829254,2655726.32394371,2018
5044829254,2949530.82901555,2019
5044829254,3098733.44724265,2020
5044829299,360661076.39457,2017
5044829299,3579120.85805671,2020
5044830042,1506933.9246092,2011
5044830042,1429900.17076742,2012
5044830042,1455390.21696442,2013
5044830042,1399561.28618358,2014
5044830042,1083019.58066238,2015
5044830042,726977.120074178,2016
5044830042,773851.18162121,2017
5044830042,917298.571442285,2018
5044830042,869242.011312207,2019
5044830302,1229599.4705604,2011
5044830302,1376035.83649733,2012
5044830302,1732331.64385548,2013
5044830302,2010924.29087266,2014
5044830302,1802090.88493553,2015
5044830302,1995135.07658391,2016
5044830302,3217840.33597139,2017
5044830302,4190993.16479175,2018
5044830302,3578428.90288956,2019
5044830302,2737269.6516723,2020
5044831090,288184239.448342,2016
5044832167,3892331.88021315,2011
5044832167,4423414.85009097,2012
5044832167,4414030.76218255,2013
5044832167,5537920.59936145,2014
5044832167,5056121.5979116,2015
5044832167,5123043.51813585,2016
5044832167,5475451.24798744,2017
5044832167,6526851.73376544,2018
5044832167,6594159.52915501,2019
5044832167,5732758.20245225,2020
5044833406,253925.424744417,2011
5044833406,2496345.15310534,2012
5044833406,2404076.40871302,2013
5044833406,2435424.45580518,2014
5044833406,2374737.64358486,2015
5044833406,2294744.99131612,2016
5044833406,2416135.35595067,2017
5044833406,2559433.95480049,2018
5044833406,2704068.35055288,2019
5044833406,2838808.02092075,2020
5044834682,1646673.32091471,2011
5044834682,1516461.70475419,2012
5044834682,1537144.14372193,2013
5044834682,1370911.10632312,2014
5044834682,1215646.90679193,2015
5044834682,1557161.15588348,2016
5044834682,1642768.58821467,2017
5044834682,1925970.36162456,2018
5044834682,1911831.94532002,2019
5044834682,1944374.44474696,2020
5044835506,336482.459390385,2011
5044835506,344353.140173982,2012
5044835506,340130.399447389,2013
5044835506,282681.774623227,2014
5044835506,183465.729491298,2015
5044835506,195449.586380599,2016
5044835506,176932.171572549,2017
5044835506,180655.798558616,2018
5044835506,185632.421154347,2019
5045155039,4574643.1641249,2013
5045155039,4772005.79109176,2014
5045155039,3958186.10428245,2015
5045155039,4163314.54306088,2016
5045155039,4217307.28462864,2017
5045155039,4458103.03168713,2018
5045155039,4498401.34302214,2019
5045155039,4053002.13386641,2020
5045155975,0.0,2011
5045155975,0.0,2012
5045155975,510.962042234436,2013
5045155975,0.0,2014
5045155975,0.0,2015
5045155975,0.0,2016
5045155975,0.0,2017
5045155975,0.0,2018
5045155975,0.0,2019
5045158546,836955.825180006,2013
5045158546,1109239.46359756,2014
5045158546,799741.533568435,2015
5045158546,701830.862314236,2016
5045158546,760287.592835361,2017
5045158546,770092.995625632,2018
5045158546,782113.068540007,2019
5045158546,730500.305653975,2020
5045160336,4290207.62728107,2013
5045160336,6680266.93746443,2014
5045160336,5988490.45760959,2015
5045160336,6630269.68823063,2016
5045160336,6791361.56715741,2017
5045160336,7352777.08646773,2018
5045160336,6296487.93224268,2019
5045160336,5674949.59306921,2020
5045167370,0.0,2011
5045167370,977818.362053256,2012
5045167370,1061438.48240167,2013
5045167370,1050984.09788129,2014
5045167370,947284.772664757,2015
5045167370,888342.205415234,2016
5045167370,1006006.53610757,2017
5045167370,1007810.93886171,2018
5045167370,920654.912269171,2019
5045167370,891553.811499719,2020
5045167532,2715592.93379528,2013
5045167532,18671640.550395,2014
5045167532,15885403.4862373,2016
5045167532,15775906.9995981,2017
5045167532,14845995.9169477,2018
5045167532,11616926.9637957,2019
5045167532,8316333.74689031,2020
5045172877,768900.464916217,2012
5045172877,746856.185066,2013
5045172877,1334143.37550219,2014
5045172877,498158.092116404,2016
5045172877,540242.58547922,2017
5045172877,628052.52773237,2018
5045172877,553826.138848356,2019
5045177278,452204478.313664,2017
5045177278,5839522.81129437,2020
5045181021,100672.957022378,2012
5045181021,362783.049986449,2013
5045181021,491668.919938709,2014
5045181021,391018.349338259,2016
5045181021,397946.006699107,2017
5045181021,388858.839375319,2018
5045181021,525503.545179586,2019
5045181021,503425.528206565,2020
5045183390,0.0,2012
5045183390,0.0,2013
5045183390,669459.202739466,2014
5045183390,672513.424357146,2016
5045183390,818780.569474335,2017
5045183390,1262991.86602926,2018
5045183390,1061244.17240813,2019
5045183390,948402.49932474,2020
5045192197,0.0,2012
5045192197,9836530.27505512,2013
5045192197,8663655.22213787,2014
5045192197,6500106.27236987,2015
5045192197,4389392.50974624,2016
5045192197,4025721.59302852,2017
5045192197,4006033.1096303,2018
5045192197,3298501.58152875,2019
5045192197,2754228.26586401,2020
5045195911,1763411.60787746,2012
5045195911,1779510.47242179,2013
5045195911,2190942.9209959,2014
5045195911,2057277.29594205,2015
5045195911,1693260.80688753,2016
5045195911,1556058.50276227,2017
5045195911,1707314.126201,2018
5045195911,1765327.92666389,2019
5045195911,1767855.53602199,2020
5045208939,3979372.38492179,2013
5045208939,5218471.09391729,2014
5045208939,4296031.53297984,2015
5045208939,4940584.17865494,2016
5045208939,5303605.42220959,2017
5045208939,5816403.43677897,2018
5045208939,6041812.07993595,2019
5045208939,5819364.45857593,2020
5045210628,3752696.05872287,2014
5045210628,3462604.89596144,2015
5045210628,4498319.90118031,2016
5045210628,6174097.17392997,2017
5045210628,6756453.07883619,2018
5045210628,6123822.48168367,2019
5045210628,5839522.81129437,2020
5045215817,1474636.45388858,2013
5045215817,2354726.44919821,2014
5045215817,1787648.65592011,2016
5045215817,3296073.17843262,2017
5045215817,4007016.93971095,2018
5045215817,2943843.56121058,2019
5045215817,3229922.72683885,2020
5045220117,1629717.73106262,2014
5045220117,1540938.10874229,2015
5045220117,1764647.57654727,2016
5045220117,5455583.75470206,2018
5045220117,4191630.11762185,2019
5045220117,2991328.89069519,2020
5045223923,1495638.75125041,2012
5045223923,1792284.52347766,2013
5045223923,1532943.79020062,2014
5045223923,1296938.63246084,2015
5045223923,1288298.79803309,2016
5045223923,1374403.29580894,2017
5045223923,1646316.66120095,2018
5045223923,1661364.67118897,2019
5045223923,1397752.44642946,2020
5045231869,4629656.74400548,2013
5045231869,9008730.72179055,2014
5045231869,8947310.3931183,2015
5045231869,8371201.1259427,2016
5045247784,2570479.7138007,2013
5045247784,2376214.08409355,2014
5045247784,2170920.52774938,2016
5045247784,2069416.1176124,2017
5045247784,1872843.53726968,2018
5045247784,1916154.2688518,2019
5045247784,1861074.58510092,2020
5045873778,4054050.74678155,2011
5045873778,3537664.91881886,2012
5045873778,4077306.77635005,2013
5045873778,4264260.93689801,2014
5045873778,2752483.13946836,2015
5045873778,2573022.29875435,2016
5045873778,1793300.20304333,2017
5045873778,1449058.73003143,2018
5045873778,287548.260219479,2019
5045874934,2709193.07850113,2011
5045874934,3141512.53067268,2012
5045874934,3412034.19736082,2013
5045874934,3491501.91899499,2014
5045874934,2003828.60781112,2015
5045874934,1774777.58559749,2016
5045874934,1976408.65165229,2017
5045874934,2108470.84158439,2018
5045874934,2254432.95789164,2019
5045874934,2001116.47462109,2020
5045878596,2432559.43781913,2014
5045878596,1790033.85528739,2015
5045878596,11235028.5730286,2020
5045986693,836876.222221926,2012
5045986693,823841.132762655,2013
5045986693,846931.15020844,2014
5045986693,589800.058561117,2015
5045986693,558699.793263565,2016
5045986693,643786.053442621,2017
5045986693,713645.74474857,2018
5045986693,678946.030557781,2019
5045986693,618296.14131641,2020
5046001848,379171268.622311,2017
5046004231,596662.204941315,2011
5046004231,729147.553681739,2012
5046004231,708363.711217673,2013
5046004231,700974.400585975,2014
5046004231,465127.886013846,2015
5046004231,455969.58383669,2016
5046004231,439968.911240979,2017
5046004231,486135.038599189,2018
5046006710,809197.628541437,2012
5046006710,933803.064110722,2013
5046006710,810860.854243726,2014
5046006710,697989.355752682,2015
5046006710,635520.874640436,2016
5046006710,741309.881342707,2017
5046006710,788126.267610484,2018
5046006710,870518.118738044,2019
5046006710,647755.850574122,2020
5046006710,740036.100983656,2021
5046015482,750673912.015687,2017
5046015482,13583210.0198497,2020
5046024212,1246724.78796749,2020
5046029210,4115700.48044575,2011
5046029210,4367829.61057263,2012
5046029210,4591504.91151864,2013
5046029210,4722027.14400184,2014
5046029210,3820213.9093398,2015
5046029210,4210150.93784598,2016
5046029210,4281976.53830403,2017
5046029210,4439533.23891493,2018
5046029210,4171155.95352394,2019
5046029210,4028790.7790141,2020
5046030070,2234400.78184672,2011
5046030070,2204479.62300285,2012
5046030070,2420256.87338378,2013
5046030070,2395791.7069982,2014
5046030070,943431.495148341,2015
5046030070,804322.718586989,2016
5046030070,14532.4165562669,2017
5046030070,0.0,2018
5046030145,1170987.54985937,2011
5046030145,1321311.04960311,2012
5046030145,1634737.8937887,2013
5046030145,2753600.6199222,2014
5046030145,2277162.71292722,2015
5046030145,1863325.78235406,2016
5046030145,1953277.88863357,2017
5046030145,1531577.47804561,2018
5046030565,3398061.84161846,2011
5046030565,3640747.14318878,2012
5046030565,3394491.1672441,2013
5046030565,3454415.85284228,2014
5046030565,2689090.50935958,2015
5046030565,2344441.62395069,2016
5046030565,2573812.07558616,2017
5046030565,2586981.19705857,2018
5046030565,2662210.05950827,2019
5046030565,2164943.08719001,2020
5046030877,1845918.11232219,2011
5046030877,2099676.49338468,2012
5046030877,2257770.94395323,2013
5046030877,2300609.44279511,2014
5046030877,1653926.14946559,2015
5046030877,1614127.5597188,2016
5046030877,1659359.76378307,2017
5046030877,1200641.63466832,2018
5046030886,2788533.60530375,2011
5046030886,3049616.19041636,2012
5046030886,3531939.95660516,2013
5046030886,3901836.16166317,2014
5046030886,3053287.38429827,2015
5046030886,2291884.75346664,2016
5046030886,2389250.38532157,2017
5046030886,2405587.52593947,2018
5046030886,2286395.4029556,2019
5046030886,2236723.8881398,2020
5046030974,1909628.45524772,2010
5046030974,2661838.93525182,2011
5046030974,2489289.44158753,2012
5046030974,3170178.83070318,2013
5046030974,3857905.88587712,2014
5046030974,3178456.75394443,2015
5046030974,3183921.43277078,2016
5046030974,2912296.27787588,2017
5046030974,2997853.23448835,2018
5046030974,3335127.58619278,2019
5046030974,3327728.0678061,2020
5046031440,1811251.30556609,2011
5046031440,1743965.37857228,2012
5046031440,1525902.97879277,2013
5046031440,1451131.60993241,2014
5046031440,1064747.58727809,2015
5046031440,1594344.24792662,2016
5046031440,1798023.23842412,2017
5046031440,1564535.78574725,2018
5046031440,1649193.91808632,2019
5046031440,1734898.22919661,2020
5046032576,2590003.59341702,2011
5046032576,2862381.69940722,2012
5046032576,3184656.08856649,2013
5046032576,3229511.94093765,2014
5046032576,2566158.52665843,2015
5046032576,2956532.52373774,2016
5046032576,3540338.88004921,2017
5046032576,4096299.51952957,2018
5046032576,3935930.55711022,2019
5046032576,3656661.18835463,2020
5046033286,2495116.61203821,2011
5046033286,2217902.68393917,2012
5046033286,2128497.54726791,2013
5046033286,2077456.37521529,2014
5046033286,1671700.94575099,2015
5046033286,1593152.482156,2016
5046033286,1705863.49676312,2017
5046033286,1590238.34660413,2018
5046033286,1375522.59131098,2019
5046033286,1113082.37550079,2020
5046033726,1366837.13854331,2011
5046033726,1421639.82557584,2012
5046033726,1590965.47883729,2013
5046033726,1571462.36534635,2014
5046033726,1223477.76109949,2015
5046033726,1102860.04412565,2016
5046033726,1127110.0074098,2017
5046033726,1181825.88437597,2018
5046033726,1090704.21963789,2019
5046033726,1057086.95128289,2020
5046035141,3128053.8776573,2011
5046035141,2986803.14885539,2012
5046035141,2688511.94555686,2013
5046035141,2726223.78138887,2014
5046035141,2064238.05532655,2015
5046035141,1951158.91964827,2016
5046035141,2117615.29919069,2017
5046035141,2500650.10748189,2018
5046035141,2493298.20570055,2019
5046035141,2277467.22538025,2020
5046036768,396345.244252721,2011
5046036768,457244.524458905,2012
5046036768,379815.118060931,2013
5046036768,366085.63155035,2014
5046036768,288001.419533426,2015
5046036768,319989.1094097,2016
5046036768,309540.472648484,2017
5046036768,342741.804345039,2018
5046036768,315074.636395553,2019
5046036768,295442.523968683,2020
5046037077,1941877.26298211,2011
5046037077,2020859.03301503,2012
5046037077,2051512.59957126,2013
5046037077,1928475.43994089,2014
5046037077,1588047.53386235,2015
5046037077,1443228.34821284,2016
5046037077,1544311.46604596,2017
5046037077,1671896.24329774,2018
5046047476,108637.566107991,2015
5046047476,10543565.0774008,2020
5046056618,921529.497119605,2011
5046056618,826722.881257275,2012
5046056618,833379.090884365,2013
5046056618,792336.640807671,2014
5046056618,652073.995197391,2015
5046056618,627583.85480502,2016
5046056618,762346.351847499,2017
5046056618,856178.127682154,2018
5046056618,826132.521350505,2019
5046056618,822439.459322207,2020
5046277986,957552.678003003,2014
5046277986,770531.204008507,2015
5046277986,358125.614069329,2016
5046277986,290042.813768826,2017
5046277986,329460.098256319,2018
5046277986,279358.594580317,2019
5046277986,273897.617888656,2020
5046288054,779288.372491486,2011
5046288054,783183.978476657,2012
5046288054,720115.838189065,2013
5046288054,686171.807658069,2014
5046288054,569290.678231805,2015
5046288054,568829.802313779,2016
5046288054,590984.939954852,2017
5046294263,1885409.68084331,2011
5046294263,2463475.86286384,2012
5046294263,3486464.3348463,2013
5046294263,3693326.51934536,2014
5046294263,2725883.09467762,2015
5046294263,3258406.79343412,2016
5046294263,3322594.83864781,2017
5046294263,3787745.81048698,2018
5046294263,3606410.26049003,2019
5046294263,3628396.83136846,2020
5046295009,1680022.11697894,2010
5046295009,2378428.8552767,2011
5046295009,2330794.06822409,2012
5046295009,2549359.94938834,2013
5046295009,2590453.76238346,2014
5046300875,619854.222950885,2010
5046300875,812168.230445725,2011
5046300875,1190178.06968679,2012
5046300875,992969.568742254,2013
5046300875,855207.868834796,2014
5046300875,492722.325002375,2015
5046300875,459187.351417346,2016
5046300875,552231.82913814,2017
5046300875,569145.701653693,2018
5046300875,532328.266545555,2019
5046302598,1423304.72068211,2011
5046302598,1772188.22464351,2012
5046302598,1982021.76182738,2013
5046302598,1816580.57081919,2014
5046302598,1677418.71238826,2015
5046302598,1709349.64479081,2016
5046302598,1445733.24040595,2017
5046302598,2602845.45710899,2018
5046302598,2029444.64352688,2019
5046302598,2111720.76969529,2020
5046302660,1438976.90698413,2010
5046302660,1926509.50328611,2011
5046302660,1875270.44901343,2012
5046302660,1643764.88986818,2013
5046302660,1650409.52762851,2014
5046302660,1111111.2167498,2015
5046302660,1128602.1847709,2016
5046302660,1076004.34252026,2017
5046302660,1344649.76272288,2018
5046305948,1133461.62502029,2011
5046305948,1073672.78438055,2012
5046305948,1077278.30571094,2013
5046305948,921103.282513859,2014
5046305948,647226.32348319,2015
5046305948,532004.240001825,2016
5046305948,547145.483343447,2017
5046305948,482691.633316928,2018
5046306793,1396857.87841457,2011
5046306793,1390147.25953295,2012
5046306793,1341786.32290763,2013
5046306793,1375367.80096808,2014
5046306793,1175373.94178165,2015
5046306793,1236933.69331966,2016
5046306793,1234770.99339747,2017
5046306793,1218104.61859979,2018
5046306793,1260412.29093831,2019
5046306793,1218673.74688309,2020
5046306957,1209585.64397956,2011
5046306957,1681840.69911061,2012
5046306957,1746638.58103805,2013
5046306957,1682561.39613859,2014
5046306957,752756.407723103,2015
5046306957,268624.004696262,2016
5046306957,208782.384525034,2017
5046306957,0.0,2018
5046306957,0.0,2019
5046307787,2287473.16126199,2011
5046307787,2361082.00059322,2012
5046307787,2370863.87596778,2013
5046307787,2171365.29809125,2014
5046307787,1519185.73566575,2015
5046307787,1349317.2054885,2016
5046307787,1332622.59820967,2017
5046307787,1543506.41777344,2018
5046307787,1247559.06569907,2019
5046307787,1078738.51531381,2020
5046307848,268935.794680047,2011
5046307848,797983.763611571,2012
5046307848,814643.816002435,2013
5046307848,798385.012111546,2014
5046307848,589675.759286394,2015
5046307848,601722.537582709,2016
5046307848,661467.160252746,2017
5046307848,709710.424425986,2018
5046307848,679628.502694378,2019
5046311020,2325535.17074162,2011
5046311020,2312036.20101821,2012
5046311020,2259303.83007993,2013
5046311020,2190624.58566412,2014
5046311020,1553740.93403877,2015
5046311020,1465514.36812331,2016
5046311020,1708406.66966047,2017
5046311020,1649022.19392272,2018
5046311020,1530330.02096237,2019
5046311020,1438069.15186634,2020
5046311121,1156334.56968411,2011
5046311121,1693026.5832242,2012
5046311121,2284000.32878793,2013
5046311121,2735614.67367646,2014
5046311121,2472188.27496777,2015
5046311121,2973693.95083457,2016
5046311121,3261437.58564019,2017
5046311121,3596759.79608158,2018
5046311121,3440342.0405848,2019
5046311121,3706683.76732261,2020
5046311695,0.0,2011
5046311695,0.0,2012
5046311695,851.603403724059,2013
5046311695,121444.929075181,2014
5046311695,123926.376898932,2015
5046311695,411516.72059281,2016
5046311695,375057.450622987,2017
5046311695,325278.820413573,2018
5046311695,314278.418902856,2019
5046311695,286056.624290256,2020
5046312279,230397253.211023,2017
5046312279,2236723.8881398,2020
5046312354,2915585.66511605,2011
5046312354,3563822.6785922,2012
5046312354,3635665.25117875,2013
5046312354,3642870.36925777,2014
5046312354,2651676.42766793,2015
5046312354,2293791.57869963,2016
5046312354,2969820.42674443,2017
5046312354,2204025.33816713,2018
5046312354,2059814.65360544,2019
5046312354,1966239.32467966,2020
5046315932,430400.36024214,2013
5046315932,621231.399974355,2014
5046315932,681160.025482597,2015
5046315932,544636.957170327,2016
5046315932,599825.493359914,2017
5046315932,357499.255554729,2018
5046315932,312231.002493066,2019
5046315932,87886.1515343664,2020
5046316512,2576244.08764269,2011
5046316512,3021737.52539478,2012
5046316512,3414248.3662105,2013
5046316512,3333607.59443067,2014
5046316512,2478278.9394292,2015
5046316512,2327995.25631623,2016
5046316512,2109016.95272823,2017
5046316512,2447400.30436693,2018
5046316512,2411629.04002112,2019
5046316512,2254855.73979131,2020
5046502111,0.0,2016
5046502111,102660517.549769,2020
5046721411,397060.023773465,2011
5046721411,1561377.3317334,2012
5046721411,1820728.07716204,2013
5046721411,1654866.22227347,2014
5046721411,1590533.51935681,2015
5046724423,0.0,2014
5046724423,261401.374742683,2015
5046724423,16377861.6491015,2020
5046726405,4697109.4992985,2020
5046726619,572174570.052959,2017
5046726619,5425050.01413108,2020
5047445884,3425402.15828693,2011
5047445884,3366090.66556876,2012
5047445884,3345098.16982811,2013
5047445884,3069389.26905085,2014
5047445884,2358951.63569502,2015
5047445884,2370660.47090419,2016
5047445884,2336449.2718338,2017
5047445884,2506307.13044561,2018
5047445884,2538113.87600374,2019
5047445884,2312131.0594199,2020
5047478166,2597784.34705546,2010
5047478166,7663866.02142052,2011
5047478166,11160242.6253987,2012
5047478166,11793855.5381745,2013
5047478166,10376140.1394641,2014
5047478166,5726591.88576801,2015
5047478166,5440291.56627314,2016
5047478166,8498678.30557616,2017
5047478166,9629113.93556234,2018
5047478166,9488523.86046232,2019
5047478166,9861914.113255,2020
5047639966,0.0,2011
5047639966,0.0,2012
5047639966,0.0,2013
5047639966,153596.797585256,2014
5047639966,224484.490149921,2015
5047639966,308071.451703566,2016
5047639966,453774.706969432,2017
5047639966,646622.320504563,2018
5047639966,557807.226311838,2019
5047639966,501505.685090523,2020
5047639996,693514.830002169,2011
5047639996,683887.745652875,2012
5047639996,733571.171967905,2013
5047639996,1089025.17002935,2014
5047639996,636163.688032834,2015
5047639996,438212.27385455,2016
5047639996,401094.696952965,2017
5047639996,401402.672903555,2018
5047691208,5911825.79929875,2012
5047691208,6245659.36291225,2013
5047691208,6227434.92800324,2014
5047691208,5507452.26443118,2015
5047691208,6144744.31328273,2016
5047748825,16420373.0840262,2014
5047748825,7126698.91624903,2015
5047748825,80086.659785221,2016
5047748825,0.0,2017
5047748825,0.0,2018
5047748825,0.0,2019
5047748825,0.0,2020
5047816089,2047188.88331319,2012
5047816089,2213998.52900181,2013
5047816089,2250630.7957052,2014
5047816089,1744268.38186978,2016
5047816089,1488603.86924693,2017
5047816089,1921297.1687415,2018
5047816089,1557173.92500185,2019
5047816089,1198835.36801733,2020
5047818312,3961276.29609996,2020
5047855654,1337528.30588901,2013
5047855654,3239062.00089114,2014
5047855654,1864875.07785586,2016
5047855654,2243805.1162876,2017
5047855654,2430798.17175603,2018
5047855654,2645148.25609335,2019
5047855654,2301358.60637988,2020
5047871522,239226891.587422,2017
5047871522,4923970.96084412,2020
5047872244,1426265.38055705,2013
5047872244,1149349.71540221,2014
5047872244,677182.448691457,2015
5047872244,636522.098084621,2016
5047872244,630222.464656773,2017
5047872244,734921.070242539,2018
5049104874,584409443.691629,2017
5049104874,4804940.68764952,2020
5049104888,0.0,2014
5049104888,0.0,2015
5049104888,0.0,2016
5049104888,0.0,2017
5049104888,0.0,2018
5049104888,0.0,2019
5049104888,0.0,2020
5049106947,0.0,2014
5049106947,0.0,2015
5049106947,662979.298192238,2016
5049106947,714994.894568329,2017
5049106947,669373.391119501,2018
5049106947,465559.742515161,2019
5049107569,0.0,2014
5049107569,0.0,2015
5049107569,0.0,2016
5049107569,0.0,2017
5049107569,0.0,2018
5049107569,0.0,2019
5049107569,0.0,2020
5050265276,763819.043173459,2015
5050265276,1006327.01670596,2016
5050265276,1180032.22436887,2017
5050265276,1564658.76450733,2018
5050265276,1251767.64387475,2019
5050265276,1079698.43687183,2020
5050923442,710046.957541788,2014
5050923442,459285.82010186,2015
5050923442,471820.068585848,2016
5050923442,533945.204971505,2017
5050923442,728526.17471834,2018
5050923442,773695.912188646,2019
5050923442,1097830.28852334,2020
5050997418,696100.622204046,2013
5050997418,746655.520696823,2014
5050997418,614908.512055183,2015
5050997418,658688.94141803,2016
5050997418,710392.962658845,2017
5050997418,763206.18506111,2018
5050997418,907801.68702993,2019
5050997418,817319.877679429,2020
5051005767,0.0,2012
5051005767,4198915.74240185,2013
5051005767,4000679.28218176,2014
5051005767,3596599.51411294,2015
5051005767,3665275.62752153,2016
5051005767,3304429.31795248,2017
5051005767,3439592.94069839,2018
5051005767,3412360.68298433,2019
5051005767,3656021.24064928,2020
5051005951,376909.032830969,2014
5051005951,423736.227531053,2015
5051005951,40621960.4923323,2020
5051759105,238388255.649365,2017
5051759105,2609066.79470106,2020
5052141228,627757.274275905,2014
5052141228,528644.815397351,2015
5052141228,488385.612797374,2016
5052141228,478964.229000295,2017
5052141228,348890.742349077,2018
5052141228,365805.06521592,2019
5052141228,404446.949779511,2020
5052144461,149566.604211983,2016
5052144461,2114345.50546552,2017
5052144461,2468060.73606049,2018
5052144461,2321201.48192204,2019
5052144461,2421455.4590834,2020
5052161583,249266561.817303,2017
5052161583,4894799.95115977,2021
5052509029,685711.060678613,2013
5052509029,538464.213710797,2014
5052509029,429951.191267208,2015
5052509029,455731.230682567,2016
5052509029,440332.221654886,2017
5052509029,417758.847994294,2018
5052509029,417559.202241182,2019
5052510602,0.0,2012
5052510602,1117644.30704746,2013
5052510602,1361679.38170141,2014
5052510602,428558.971112581,2016
5052510602,351200.066776449,2017
5052510602,480969.930675798,2018
5052510602,426203.849304742,2019
5052513396,542641.688852971,2013
5052513396,918874.935191379,2014
5052513396,5124.59281363765,2016
5052513396,0.0,2017
5052513773,0.0,2016
5052513773,0.0,2017
5052513773,0.0,2018
5052513773,0.0,2019
5052513773,0.0,2020
5052514447,1010342.27817822,2013
5052514447,2319232.05970441,2014
5052514447,1712719.70640962,2015
5052514447,1953899.98092068,2016
5052514447,1873470.7010454,2017
5052514447,2516268.41001215,2018
5052514447,2425050.99204086,2019
5052514447,2211232.6378768,2020
5052514988,657839.96312939,2014
5052514988,1353121.90463568,2015
5052514988,1486131.91595492,2016
5052514988,1612129.4099752,2017
5052515846,0.0,2013
5052515846,1525940.41290139,2014
5052515846,4331581.12555064,2015
5052515846,2604365.73852148,2016
5052515846,2480077.98879824,2017
5052515846,2806375.30504263,2018
5052515846,2568938.8675067,2019
5052515846,2168462.79956942,2020
5052515976,1299647.86359335,2011
5052515976,17036.9619576333,2012
5052515976,13625.654459585,2013
5052515976,26421.8325379818,2014
5052515976,0.0,2015
5052515976,0.0,2016
5052515976,0.0,2017
5052515976,0.0,2018
5052515976,0.0,2019
5052515976,0.0,2020
5052516020,0.0,2014
5052516020,0.0,2015
5052516020,0.0,2016
5052516020,0.0,2017
5052516020,0.0,2018
5052516020,0.0,2019
5052516020,25393017.3409057,2020
5052516270,247646.269802957,2013
5052516270,320563.679105393,2014
5052516270,617891.694648538,2015
5052516270,542610.955360284,2016
5052516270,685808.957984493,2017
5052516270,823465.777500676,2018
5052516270,808047.009730688,2019
5052516270,744045.86541716,2020
5052516297,0.0,2013
5052516297,0.0,2014
5052516297,0.0,2015
5052516297,0.0,2016
5052516297,0.0,2017
5052516297,0.0,2018
5052516297,0.0,2019
5052516297,0.0,2020
5052516304,1635930.13855392,2013
5052516304,1718374.12096416,2014
5052516304,1225715.1480445,2015
5052516304,1117995.46941244,2016
5052516304,952236.594849386,2017
5052516304,1236674.41137198,2018
5052516304,1293625.93491936,2019
5052516308,657097.186313484,2013
5052516308,601494.609403814,2014
5052516308,601484.190385088,2015
5052516308,510790.809284906,2016
5052516308,546539.965986936,2017
5052516308,7818128.71461327,2018
5052516308,6191159.73249456,2019
5052516308,4612209.77038908,2020
5052516322,1280470.8778395,2013
5052516322,1089980.17602469,2014
5052516322,845856.564490706,2015
5052516322,626034.559303223,2016
5052516322,640516.259717462,2017
5052516322,793581.938801054,2018
5052516322,880844.037634354,2019
5052516322,1046954.44594823,2020
5052516471,0.0,2019
5052516471,0.0,2020
5052516481,0.0,2009
5052516481,11770.4332253311,2010
5052516481,3037.81296316333,2011
5052516867,495684.441461125,2010
5052516867,530902.489032838,2011
5052516867,502848.513537419,2012
5052516867,490523.560545058,2013
5052516867,477502.99767437,2014
5052516867,392537.109575555,2015
5052516867,354669.49333455,2016
5052516867,442875.394552232,2017
5052516867,402140.54546404,2018
5052516906,1411084.62309658,2013
5052516906,1684287.22698567,2014
5052516906,1770345.95439963,2015
5052516906,1572812.6860694,2016
5052516906,1814123.54993115,2017
5052516906,2075886.58450088,2018
5052516906,2259455.53860893,2019
5052516906,2194189.04787391,2020
5052517020,1362735.76663924,2013
5052517020,1168449.83530918,2014
5052517020,995637.190532044,2015
5052517020,1075806.96113272,2016
5052517020,1170949.4640212,2017
5052517020,1389905.94643259,2018
5052517020,1384963.45586724,2019
5052517020,1234139.14976232,2020
5052517216,1265823.29929544,2013
5052517216,2660328.3677098,2014
5052517216,1962934.14642722,2015
5052517216,1281029.02683235,2016
5052517216,1455542.62158143,2017
5052517216,1698090.71919494,2018
5052517286,249494191.571918,2017
5052517286,2557124.37261703,2020
5052517762,1060167.89402806,2010
5052517762,1284101.40901716,2011
5052517762,1438848.8780583,2012
5052517762,1367164.10433861,2013
5052517762,1533739.62853008,2014
5052517762,1220991.77560503,2015
5052517762,1116446.17391064,2016
5052517762,1160897.87590312,2017
5052517762,1122673.10077713,2018
5052517764,0.0,2013
5052517764,0.0,2014
5052517764,0.0,2015
5052517764,0.0,2016
5052517764,0.0,2017
5052517764,0.0,2018
5052517764,0.0,2019
5052517764,0.0,2020
5052518248,155673.102200758,2013
5052518248,145956.749622466,2014
5052518248,182968.532392405,2015
5052518248,252177.637061797,2016
5052518248,279749.018708137,2017
5052518248,317777.116048648,2018
5052518248,194618.304286206,2019
5052518248,199983.65792104,2020
5052518354,967251.145949787,2013
5052518354,785174.095842555,2014
5052518354,637033.782955896,2015
5052518354,654041.054912638,2016
5052518354,772155.733022979,2017
5052518354,784235.553034918,2018
5052518354,702491.319270373,2019
5052518354,700529.421453541,2020
5052518359,2004333.77100495,2013
5052518359,2431445.26415789,2014
5052518359,2331232.89743177,2015
5052518359,3372101.24795064,2016
5052518359,3824084.31331032,2017
5052518359,5379705.85973224,2018
5052518359,4614421.6062436,2019
5052518359,5139100.04779172,2020
5052518480,643790.653368748,2012
5052518480,736125.982179077,2013
5052518480,748724.700353411,2014
5052518480,577529.692439257,2016
5052518480,477874.297758575,2017
5052518480,395745.649939841,2018
5052518877,1126500.98244619,2013
5052518877,1088547.66703167,2014
5052518877,911362.282269781,2015
5052518877,877854.666633836,2016
5052518877,964952.459336119,2017
5052518877,951855.603024975,2018
5052518877,910872.811644616,2019
5052518877,845904.208518276,2020
5052519041,725055.137930664,2013
5052519041,739652.143397599,2014
5052519041,568544.882583467,2015
5052519041,644149.399016547,2016
5052519041,710514.066130147,2017
5052519041,806863.644889775,2018
5052519041,887668.759000323,2019
5052519041,993945.444355291,2020
5052519056,1255572.46912013,2012
5052519056,1108787.63164873,2013
5052519056,1126588.73917973,2014
5052519064,0.0,2014
5052519064,0.0,2015
5052519064,23657906.7451327,2020
5052519196,1070635.79916189,2013
5052519196,0.0,2014
5052519196,0.0,2015
5052519196,0.0,2016
5052519196,0.0,2017
5052519196,0.0,2018
5052519340,0.0,2013
5052519340,0.0,2014
5052519340,0.0,2015
5052519340,0.0,2016
5052519340,0.0,2017
5052519340,0.0,2018
5052519533,0.0,2014
5052519533,0.0,2015
5052519533,0.0,2016
5052519533,0.0,2017
5052519533,0.0,2018
5052519533,0.0,2019
5052519533,0.0,2020
5052519536,720140.367149895,2011
5052519536,454663.166586537,2012
5052519536,421884.326204899,2013
5052519536,364971.45788911,2014
5052519536,246814.691094037,2016
5052519536,185772.724977611,2017
5052519536,241530.284798585,2018
5052520124,733741.49264865,2013
5052520124,831332.718951077,2014
5052520124,758474.174360366,2015
5052520124,854257.70437569,2016
5052520124,803642.635561557,2017
5052520124,1130297.78390214,2018
5052520124,928162.105771736,2019
5052520124,941896.364320375,2020
5052520185,214686.070800052,2010
5052520185,187629.624195382,2011
5052520185,314065.207804856,2012
5052520185,268936.354896058,2013
5052520185,250211.57078137,2014
5052520185,296453.770214597,2015
5052520185,199859.119731868,2016
5052520185,235788.45862543,2017
5052520185,284695.829586927,2018
5052520515,1502228.40416924,2013
5052520515,1088706.83469756,2014
5052520515,844986.469567644,2015
5052520515,854972.763838058,2016
5052520515,849783.058127704,2017
5052520515,907706.228155987,2018
5052520566,0.0,2020
5052520569,0.0,2013
5052520569,0.0,2014
5052520569,0.0,2015
5052520569,0.0,2016
5052520569,242.206942604448,2017
5052520569,0.0,2018
5052520569,0.0,2019
5052520934,1349280.4328604,2013
5052520934,1206331.73979135,2014
5052520934,1169531.87586966,2015
5052520934,1195817.77423349,2016
5052520934,1224840.50875069,2017
5052520934,1325465.07615028,2018
5052520934,1251540.15316255,2019
5052520934,1175797.25062482,2020
5052521019,333291.992403548,2012
5052521019,356766.102392957,2013
5052521019,310748.186807754,2015
5052521019,341905.44572615,2016
5052521019,765831.186674737,2017
5052521019,965042.590769052,2018
5052521019,969062.980260958,2019
5052521019,817594.335927216,2020
5052521108,1330545.15797847,2013
5052521108,1546950.54479907,2014
5052521108,1328634.94751523,2015
5052521108,1410216.43636684,2016
5052521108,1363503.98339174,2017
5052521108,1477097.88732984,2018
5052521108,1286459.97748509,2019
5052521108,1096977.02491621,2020
5052521345,1910489.49369515,2014
5052521345,683024.514603443,2015
5052521345,363726.913191212,2016
5052521345,2517620.06490193,2017
5052521358,206769.306424202,2013
5052521358,281090.097964312,2014
5052521358,222744.300303798,2015
5052521358,217020.546828701,2016
5052521358,206965.8324555,2017
5052521358,831090.460625682,2018
5052521358,895858.424639485,2019
5052521685,625074.690890901,2011
5052521685,577019.529736812,2012
5052521685,544515.216341164,2013
5052521685,364653.122557327,2014
5052521685,267367.739929391,2015
5052521685,282806.017366562,2016
5052521685,283139.915904599,2017
5052521685,313595.838205903,2018
5052521685,320989.394912726,2019
5052521685,347064.972200034,2020
5052534570,9041643.65801908,2013
5052534570,9213420.34012696,2014
5052534570,7726194.31823855,2015
5052534570,8253097.13807491,2016
5052534570,7990770.34693463,2017
5052534570,6456999.79803957,2018
5052535287,0.0,2014
5052535287,0.0,2015
5052535287,0.0,2016
5052535287,0.0,2017
5052535287,0.0,2018
5052535287,0.0,2019
5052535287,2417935.74670399,2020
5053126650,2112914.65850409,2014
5053126650,1711563.80831722,2015
5053126650,2832708.06017101,2016
5053126650,1644221.82987029,2017
5053126650,1663779.64513241,2018
5053126650,1640776.76173496,2019
5053126650,1496731.02485651,2020
5053432653,1562409.87488235,2012
5053432653,4012755.23834777,2013
5053433267,0.0,2013
5053433267,594650.399770482,2014
5053433267,488620.448936512,2015
5053433267,528428.942689985,2016
5053433267,610240.391891906,2017
5053433267,718441.916391719,2018
5053433267,-227.490712198955,2019
5053433267,49595.9471644179,2020
5053433327,0.0,2014
5053435997,862163.285930238,2013
5053435997,1133910.45181074,2014
5053435997,1264496.52175811,2015
5053435997,1505676.87459298,2016
5053435997,1774044.75110628,2017
5053435997,1967291.2250117,2018
5053435997,2017501.38113643,2019
5053435997,2033647.14964292,2020
5053436021,2115656.61502924,2014
5053436021,1686492.55944304,2015
5053436021,1668591.25543583,2016
5053436021,1866325.59623857,2017
5053436332,2362858.80397278,2013
5053436332,4970169.53512662,2014
5053436717,0.0,2012
5053436717,268255.072173079,2013
5053436717,586851.1841418,2014
5053436717,537128.832815463,2016
5053436717,930680.17695759,2017
5053436717,837731.313670042,2018
5053436717,811686.861125872,2019
5053436717,773163.486010463,2020
5053437968,1347577.22605295,2013
5053437968,1391762.0705549,2014
5053437968,1019751.24982833,2015
5053437968,863315.124232352,2016
5053437968,832949.675616695,2017
5053437968,1077047.98078717,2018
5053438027,0.0,2013
5053438027,0.0,2014
5053438027,0.0,2015
5053438027,0.0,2016
5053438027,0.0,2017
5053438301,2234437.01069119,2013
5053438301,0.0,2014
5053438301,0.0,2015
5053438301,0.0,2016
5053438301,0.0,2017
5053438324,755372.219103241,2013
5053438324,1225272.69203243,2014
5053438324,903158.530138056,2015
5053438324,979988.993175405,2016
5053438324,935887.626223585,2017
5053438435,223460.733137193,2013
5053438435,199914.588359669,2014
5053438435,268610.732676622,2015
5053438435,186903.091875533,2016
5053438435,272823.606251455,2017
5053438435,292020.891449493,2018
5053438435,282359.762086336,2019
5053438435,249582.166945686,2020
5053438699,1689584.77272771,2012
5053438699,1953578.20814299,2013
5053438699,1986253.30265949,2014
5053438699,1986316.00988137,2016
5053438699,2026182.17835751,2017
5053438699,2091745.73021341,2018
5053438699,1471523.67185894,2019
5053438699,1347623.20951058,2020
5053438749,675030.071045667,2014
5053438749,506643.843771362,2015
5053438749,493391.029033951,2016
5053438749,511904.3731945,2017
5053438749,501138.44732904,2018
5053438796,1602547.28512794,2013
5053438796,1489331.84974636,2014
5053438796,1095946.70523359,2015
5053438796,1182350.82102556,2016
5053438796,1299924.66095807,2017
5053438796,1499848.95794478,2018
5053445019,132509.489619464,2013
5053445019,654974.945143344,2014
5053445019,858037.89341357,2015
5053445019,791928.354572609,2016
5053445019,502700.509375531,2017
5053445019,304126.473679685,2018
5053445019,302107.665800212,2019
5053445196,195187.500133554,2013
5053445196,236523.151514704,2014
5053445196,230823.7531608,2015
5053445196,310574.159821854,2016
5053445196,362583.793078858,2017
5053445196,371149.897923692,2018
5053445196,523114.892701497,2019
5053445196,580112.594897353,2020
5053445286,416774.705782555,2013
5053445286,474001.309024758,2014
5053445286,563448.612319819,2015
5053445286,448223.106327702,2016
5053445286,483929.471323686,2017
5053445286,539015.90543391,2018
5053445286,528574.669794272,2019
5053445286,495319.523938832,2020
5053445298,1863375.86459128,2014
5053445298,1302957.51701164,2016
5053445298,1358780.94801095,2017
5053445298,1503169.38446696,2018
5053499721,0.0,2013
5053499721,0.0,2014
5053499721,0.0,2015
5053499721,0.0,2016
5053499721,0.0,2017
5053499721,0.0,2018
5053499721,0.0,2019
5053499721,0.0,2020
5053499840,1832309.88345269,2013
5053499840,2009173.44654786,2014
5053499840,1580216.67955479,2015
5053499840,1505438.52143886,2016
5053504875,1264120.09248799,2013
5053504875,1239438.61429677,2014
5053504875,886005.230226268,2015
5053504875,857833.001687531,2016
5053504875,910334.793778816,2017
5053504875,956405.817147962,2018
5055371517,0.0,2019
5055371517,0.0,2020
5055423134,775640.380111873,2013
5055423134,771963.179573564,2014
5055423134,937216.531412186,2015
5055423134,1018483.02756622,2016
5055423134,865405.405925691,2017
5055423134,862696.001966434,2018
5055423134,802473.487281814,2019
5055423134,768577.194122141,2020
5055423437,5673029.74995317,2020
5055423939,537191.427069137,2013
5055423939,621549.735306138,2014
5055423939,376005.306037382,2015
5055423939,354907.846488673,2016
5055423939,453653.60349813,2017
5055423939,343479.676905524,2018
5055423939,367170.009489113,2019
5055423949,2086051.42917343,2014
5055423949,1488981.01190803,2015
5055423949,1699219.6357406,2016
5055423949,1578099.33453928,2017
5055423949,1643119.21343885,2018
5055424008,516241.983337525,2013
5055424008,422430.985275926,2014
5055424008,332997.756983189,2015
5055424008,350021.606829158,2016
5055424008,405575.525391147,2017
5055424008,286048.595947815,2018
5055424008,327814.116278694,2019
5055424008,351971.23794103,2020
5055424632,610258.999108661,2013
5055424632,613432.184345674,2014
5055424632,722054.486866497,2015
5055424632,650823.287331982,2016
5055424632,810061.119540575,2017
5055424632,397467.352580971,2018
5055424632,442014.45380257,2019
5055424632,456709.34571621,2020
5055424740,1192.24476521368,2013
5055424740,196253.732044166,2014
5055424740,994.394197784812,2015
5055424740,0.0,2016
5055424740,0.0,2017
5055424740,0.0,2018
5055424740,0.0,2019
5055425099,1864841.13347495,2013
5055425099,1610140.10815797,2014
5055425099,1303029.29692227,2015
5055425099,1275666.08086459,2016
5055425099,1297139.28111812,2017
5055425113,1217314.30873786,2014
5055425113,949397.86033505,2015
5055425113,916467.87760171,2016
5055425113,942306.110202603,2017
5055425113,1075449.25690612,2018
5055425113,1200013.50684949,2019
5055425113,1043648.0494706,2020
5055425387,790015.442251276,2020
5055431952,0.0,2015
5055431952,0.0,2016
5055431952,32584963.9188261,2020
5055436085,737901.299072793,2014
5055436085,865744.448446402,2015
5055436085,823986.85380211,2016
5055436085,1016542.53811087,2017
5055436085,887578068.270712,2019
5055437185,1193947.97202113,2013
5055437185,1199805.8654898,2014
5055437185,1019999.84837777,2015
5055437185,1067226.24758431,2016
5055437185,1239494.02877826,2017
5055437185,1287956.55432565,2018
5055437185,1123804.11826284,2019
5055437185,963334.612449511,2020
5055437187,1582108.80343856,2013
5055437187,1767556.92972462,2014
5055437187,1292215.26002136,2015
5055437187,1194983.53819406,2016
5055437187,1486060.69634959,2017
5055437187,1634387.72147312,2018
5055437187,1284867.5424997,2019
5055437766,2212806.2842366,2013
5055437766,1784747.0376409,2014
5055437766,1167543.08747409,2015
5055440631,5860904.94510972,2013
5055440631,5356946.96324286,2014
5055440631,4148612.59315824,2015
5055440631,3923412.0934364,2016
5055440631,4343012.68784035,2017
5055440631,4983222.33723191,2018
5055440631,4702005.5304402,2019
5055440631,4150487.50098099,2020
5055440875,1499503.27327732,2013
5055440875,3301296.5582547,2014
5055440875,3179451.14814221,2015
5055440875,3512252.90257477,2016
5055440875,3578728.68045201,2017
5055440875,4062849.29678761,2018
5055440875,4140558.45273318,2019
5055440875,3805555.68779878,2020
5055455505,217350.332853443,2012
5055455505,235894.142831565,2013
5055455505,619003.052651874,2014
5055455505,614474.431328273,2016
5055455505,696344.959987787,2017
5055455505,714506.596069135,2018
5055455505,808956.972579484,2019
5055455505,712795.085806032,2020
5055455967,21712650.7020294,2013
5055455967,22313874.2489892,2014
5055455967,19026862.8796893,2015
5055455967,20768306.2015945,2016
5055455967,22504536.9686209,2017
5055455967,23308041.4193437,2018
5055455967,20016710.9596573,2020
5055456023,557118.94671628,2013
5055456023,614705.525672805,2014
5055456023,621.496373615508,2015
5055456023,119.176577061341,2016
5055456023,0.0,2017
5055456023,0.0,2018
5055456023,0.0,2019
5055462519,575513.580236719,2013
5055462519,551993.465311571,2014
5055462519,268486.433401899,2015
5055462519,167562.267348245,2016
5055462519,175842.240330829,2017
5055462519,194675.377207821,2018
5055462519,275718.743185133,2019
5055462519,287763.151504515,2020
5055466431,13529.2516007738,2014
5055466431,0.0,2015
5055466431,-1072.58919355207,2016
5055466777,797611.747927954,2013
5055466777,1353880.16607273,2014
5055466777,1094206.51538746,2015
5055466777,1187594.59041626,2016
5055466777,1475888.0047602,2017
5055466777,1791800.53437647,2018
5055466777,1921955.28201287,2019
5055466777,1624080.61822063,2020
5055466823,0.0,2012
5055466823,2073483.96738734,2013
5055466823,171137.564660085,2016
5055466844,1213410.2905381,2012
5055466844,1079322.15387987,2013
5055466844,1164788.97899368,2014
5055466844,1333482.61922943,2015
5055466844,1191169.8877281,2016
5055466844,551989.622195536,2017
5055466844,1008917.74770244,2018
5055466844,446564.268046549,2019
5055466984,264943186.535996,2013
5055466984,260518472.986171,2014
5055466984,190009464.809096,2015
5055466984,186750172.961429,2016
5055466984,178692168.320984,2017
5055466984,168255358.264634,2018
5055466984,148814641.819932,2019
5055466984,139964882.47963,2020
5056404707,9024969.17261158,2020
5056410985,462277.159143525,2018
5056410985,570432.96083888,2019
5056410985,473881.275809696,2020
5056411503,0.0,2013
5056411503,0.0,2014
5056411503,0.0,2015
5056411503,14788764.8387732,2020
5056415353,1857486.6609533,2014
5056415353,1540192.31309395,2015
5056415353,2077962.79764154,2016
5056415353,1967446.99477593,2017
5056415353,2190005.75951793,2018
5056415353,1910694.49175902,2019
5056415353,1656397.97734067,2020
5056420988,0.0,2016
5056420988,0.0,2017
5056420988,0.0,2018
5056420988,0.0,2019
5056420988,0.0,2020
5056439630,833262.321200609,2012
5056439630,1255263.41708926,2013
5056439630,1492674.37073008,2014
5056439630,944951.079519371,2016
5056439630,1071281.30713947,2017
5056439630,1093773.09215816,2018
5057086386,1199909.1958472,2013
5057086386,1116402.00856268,2014
5057086386,958596.006664559,2015
5057086386,996554.537386931,2016
5057086386,1072492.34185249,2017
5057086386,1144686.29883158,2018
5057086386,1094002.83496477,2019
5057086386,1119801.82640693,2020
5057211772,475365.01995877,2013
5057211772,438825.254862746,2014
5057211772,328025.785994265,2015
5057211772,292816.849839714,2016
5057211772,269818.534061355,2017
5057211772,254443.054607064,2018
5057211811,0.0,2012
5057211811,0.0,2013
5057211811,1322842.4712239,2014
5057211811,1140400.66589997,2016
5057211811,1250514.44466676,2017
5057211811,1256719.94926514,2018
5057211811,1249606.48210886,2019
5057529312,804751.718747204,2014
5057529312,738710.589679393,2015
5057529312,885839.497296946,2016
5057529312,866979.75105262,2017
5057529312,880527.922178142,2018
5057529312,799857.344091526,2019
5057737079,2823576.24538749,2013
5057737079,3851061.67624379,2014
5057737079,4016979.66122647,2015
5057737079,3186304.96431201,2016
5057737079,2769636.38868186,2017
5057737079,3578927.87586987,2018
5057737079,5210447.27220487,2019
5057737079,4698709.36856186,2020
5057737283,3056655.85577953,2014
5057737283,2237759.84284,2015
5057737283,1448233.76444941,2016
5057737283,1184270.84586445,2017
5057737283,1555189.39998112,2018
5057737283,1440926.17106818,2019
5057737283,1440308.96883505,2020
5057757014,11812368.0612028,2020
5057757048,0.0,2016
5057757048,0.0,2017
5057757048,0.0,2018
5057757048,0.0,2019
5057757048,0.0,2020
5057757072,0.0,2017
5057757072,0.0,2018
5057757072,0.0,2019
5057757072,0.0,2020
5057757075,7504986.71446079,2020
5057757104,7677879.25285546,2020
5057757104,0.0,2021
5057758671,1104549.73942949,2020
5057776647,0.0,2015
5057776647,4850163.6588274,2020
5058542510,0.0,2014
5058542510,0.0,2015
5058542510,0.0,2016
5058542510,0.0,2017
5058542510,0.0,2018
5058542510,5801.01316107335,2019
5058542510,0.0,2020
5058542559,0.0,2013
5058542559,0.0,2014
5058542559,0.0,2015
5058542570,0.0,2014
5058542570,0.0,2015
5058542570,0.0,2016
5058542570,0.0,2017
5058542570,0.0,2018
5058542570,0.0,2019
5058542570,0.0,2020
5058542684,0.0,2014
5058542684,0.0,2015
5058542684,0.0,2016
5058542684,0.0,2017
5058542684,0.0,2018
5058542684,0.0,2019
5058542742,0.0,2014
5058542742,0.0,2015
5058542742,5226131.25729391,2016
5058542742,5860196.97631461,2017
5058542742,6072076.27898684,2018
5058542742,5704670.84445709,2019
5058542742,5474325.98744282,2020
5058542847,29831.8259335444,2015
5058542847,29794.1442653352,2016
5058542847,31123.5921246715,2017
5058542847,36278.7342238201,2018
5058542847,38218.4396494244,2019
5058542847,33277.280678061,2020
5058542888,297325.199885241,2014
5058542888,371281.933597904,2015
5058542888,1118710.52887481,2016
5058542888,938551.902592234,2017
5058542888,1279716.97740024,2018
5058542888,1184657.88377606,2019
5058542888,844730.971058473,2020
5058542904,2441791.16244083,2014
5058542904,1152254.27668315,2015
5058542904,578840.634786932,2016
5058542904,682175.853845427,2017
5058542904,705406.167823159,2018
5058542904,1659203.50942308,2019
5058542904,761537.76936332,2020
5058542940,1161128.12267818,2014
5058542940,2179463.48299486,2015
5058542940,1186641.17779977,2016
5058542940,1184391.94933575,2017
5058542940,1412657.01704753,2018
5058542940,1181927.99522967,2019
5058542940,9705.87353110114,2020
5058542982,172696.91749223,2014
5058542982,156119.889052216,2015
5058542982,80533.8084159788,2017
5058542982,0.0,2018
5058542982,0.0,2019
5058542982,0.0,2020
5058542993,948002.618049515,2014
5058542993,1396750.95006349,2015
5058542993,1086652.0296453,2016
5058542993,1016542.53811087,2017
5058542993,598045.710272668,2018
5058542993,478526.713110502,2019
5058543030,88497.2222356498,2014
5058543030,1946650.94143849,2015
5058543030,3072491.33321843,2016
5058543030,4220092.66446859,2017
5058543030,3957702.45691857,2018
5058543030,3217287.39727372,2019
5058543030,2429241.48949846,2020
5058543156,390921.219004154,2015
5058543156,497919.738962282,2016
5058543156,479811.953299411,2017
5058543156,456497.15741973,2018
5058543156,326562.9173616,2019
5058543156,98445.2886725973,2020
5058543165,480913.89390368,2015
5058543165,682643.43340736,2016
5058543165,639547.431947044,2017
5058543165,724590.854395756,2018
5058543165,694642.889699509,2019
5058543165,2334742.54500883,2020
5058543184,3213260.5508669,2015
5058543184,3064506.50255532,2016
5058543184,3166976.87802445,2017
5058543184,3365928.66341002,2018
5058543184,2628541.43410283,2019
5058543184,2466891.74616306,2020
5058543188,644947.382192182,2014
5058543188,1575617.60639004,2015
5058543188,1458721.30323081,2016
5058543188,1741225.71038337,2017
5058543188,1687514.545828,2018
5058543188,2095530.69542067,2019
5058543188,2081963.20139664,2020
5058543216,0.0,2014
5058543216,1574374.6136428,2015
5058543216,1254214.29699355,2016
5058543216,1381548.40061577,2017
5058543216,1427906.38329754,2018
5058543216,1180108.06953208,2019
5058543216,942216.338173049,2020
5058543239,520478.267465063,2014
5058543239,431939.979662778,2015
5058543239,368493.976273665,2016
5058543239,446145.188277392,2017
5058543239,402386.502984201,2018
5058543239,351814.386415684,2019
5058543239,331919.543173481,2020
5058543549,79490.7768999143,2016
5058543549,286167.502687155,2017
5058543549,294042.215353064,2018
5058543549,370241.134103799,2019
5058543549,343118.628017059,2020
5058543553,45617.8338233783,2015
5058543553,716251.228138658,2016
5058543553,0.0,2017
5058543553,0.0,2018
5058543553,0.0,2019
5058543553,0.0,2020
5058543555,743304.311131582,2016
5058543555,741153.24436961,2017
5058543555,684622.757369513,2018
5058543555,796899.964832939,2019
5058543555,1250991.10600313,2020
5058543562,0.0,2015
5058543562,0.0,2016
5058591271,0.0,2014
5058591271,0.0,2015
5058591271,0.0,2016
5058591271,0.0,2017
5058621410,0.0,2014
5058621410,0.0,2015
5058621410,0.0,2016
5058621410,0.0,2017
5058621432,248938.229454238,2014
5058621432,414165.183377374,2015
5058621432,588136.407797717,2016
5058621432,650810.054778151,2017
5058621432,617476.354365426,2018
5058621432,659950.556089169,2019
5058621432,654666.502570316,2020
5058621594,1643565.31799518,2014
5058621594,2042485.68225001,2015
5058621594,1893000.75004234,2016
5058621594,1901445.60291622,2017
5058621594,1662672.83629169,2018
5058621594,1517704.28643533,2019
5058621594,1704927.34499617,2020
5058621695,343006.319996089,2014
5058621695,266124.74718216,2015
5058621695,2140518.41643592,2020
5058621696,0.0,2014
5058621696,0.0,2015
5058621696,0.0,2016
5058621696,0.0,2017
5058621696,0.0,2018
5058621696,0.0,2019
5058621696,0.0,2020
5058621782,1648954.17847667,2015
5058621782,1987388.59907492,2016
5058621782,3043935.7511814,2017
5058621782,3267914.59162567,2018
5058621782,3391886.51888642,2019
5058621782,3117291.93069773,2020
5058621790,46317.7907744139,2014
5058621790,32442.1107027295,2015
5058621790,9295.77301078457,2016
5058621790,0.0,2017
5058621790,0.0,2018
5058621850,2419985.19221371,2014
5058621850,2601583.81995452,2015
5058621850,2065925.96335834,2016
5058621850,2217162.35260111,2017
5058621850,2124458.08039489,2018
5058621850,2107360.21245502,2019
5058621850,1696927.99867933,2020
5058622136,1462910.01720838,2014
5058622136,1131869.19562856,2015
5058622136,1135871.95597164,2016
5058622136,1000920.19031288,2017
5058622136,1096970.53992026,2018
5058622136,1119823.03079936,2019
5058622136,1076392.04039421,2020
5058622194,0.0,2014
5058622194,0.0,2015
5058622194,0.0,2016
5058622194,0.0,2017
5058622194,0.0,2018
5058622194,0.0,2019
5058622194,0.0,2020
5058622233,1468799.22084636,2014
5058622233,1143801.92600198,2015
5058622233,1398775.48496896,2016
5058622233,1739651.36525644,2017
5058622233,1847140.97641281,2018
5058622233,1991226.20387745,2019
5058622233,1688395.36260803,2020
5058622254,699541.891592951,2014
5058622254,1077177.5147504,2015
5058622254,1283889.26468182,2016
5058622254,1570712.02278984,2017
5058622254,1863866.08778379,2018
5058622254,1646919.01096433,2019
5058622254,1472306.35410242,2020
5058978015,0.0,2014
5058978015,0.0,2015
5058978015,50754039.1951948,2020
5058990316,920148.27651851,2014
5058990316,702290.902185524,2015
5058990316,0.0,2016
5058990316,693801.78709044,2017
5058990316,564349.530010544,2018
5058990316,605125.29444922,2019
5058990316,713221.717609597,2020
5058991453,544512.585014673,2014
5058991453,666244.112515824,2015
5058991453,794192.709536775,2016
5058991453,758107.730351921,2017
5058991453,882495.582339434,2018
5058991453,869469.502024406,2019
5058991453,880568.042557923,2020
5058991476,2413777.65324394,2014
5058991476,2174118.61418177,2015
5058991476,1534875.13597301,2016
5058991476,1114636.34986567,2017
5058991476,1168544.17828725,2018
5058991476,1256317.45811873,2019
5059013504,0.0,2014
5059013504,0.0,2015
5059013504,0.0,2016
5059013504,0.0,2017
5059013504,0.0,2018
5059013504,0.0,2019
5059075330,4989705.22459422,2017
5059075330,7629356.31788933,2018
5059075330,7262527.24159554,2019
5059075330,6231810.75467228,2020
5059077849,1235037.59364874,2015
5059077849,1295687.7458109,2016
5059077849,1470801.65896551,2017
5059077849,1474884.26964839,2018
5059083696,4200593.87054143,2014
5059083696,3705361.37949566,2015
5059083696,3384853.1416962,2016
5059083696,1771259.37126633,2017
5059083696,350735.423750288,2018
5059083696,236931.576755212,2019
5059083696,221528.564001067,2020
5059958636,0.0,2014
5059958636,0.0,2015
5059958636,0.0,2016
5059958636,0.0,2017
5059958636,0.0,2018
5059958636,0.0,2019
5059958636,0.0,2020
5059973827,688240.987314658,2014
5059973827,489987.740958466,2015
5059973827,600173.242080912,2016
5059973827,549325.345826887,2017
5059973827,1388799.13759187,2018
5059973827,989812.088777653,2019
5059973827,962161.374989707,2020
5059975803,2906738.53939973,2015
5059975803,2808157.68529637,2016
5059975803,3215781.57695925,2017
5059975803,2734309.75163531,2018
5059975803,2333713.47109298,2019
5059975803,2257308.87266181,2020
5060000694,0.0,2018
5060000694,0.0,2019
5060000694,0.0,2020
5060031263,655709.526991497,2016
5060031263,766827.180285681,2017
5060031263,989610.082369764,2018
5060031263,1075348.59656446,2019
5060031263,1009837.47903808,2020
5060525022,333276.75302372,2017
5060525022,349997.551189803,2018
5060525022,420289.090787569,2019
5060525022,267071.509031618,2020
5060542583,1863921.66523937,2016
5060542583,2358126.7931969,2017
5060542583,2497083.72343955,2018
5060542583,2697812.35596741,2019
5060542583,2001223.13257199,2020
5060542594,3221767.16859711,2015
5060542594,3034009.82998946,2016
5060542594,3096319.69511205,2017
5060542594,2822577.40755335,2018
5060542594,3205127.69978244,2019
5060542594,3137799.99233693,2020
5060542594,3270856.6162316,2021
5060542609,1730121.60487085,2015
5060542609,1637009.46251458,2016
5060542609,1861481.45738648,2017
5060542609,2074897.64008235,2018
5060542639,379100.691632125,2016
5060542639,336062.132863671,2017
5060542639,390457.563256369,2018
5060542639,337596.216903249,2019
5060542639,1088124.41499224,2020
5060557290,3779530.69247344,2019
5060557290,3493687.83939285,2020
5060558956,791222.46714643,2014
5060558956,2404196.57169423,2015
5060558956,2314409.12653124,2016
5060558956,2193910.48611109,2017
5060558956,2119169.99371142,2018
5060558956,2138526.44002628,2019
5060562440,575391.112197615,2014
5060562440,416402.57032239,2015
5060562440,451440.873908359,2016
5060562440,544602.3104461,2017
5060562440,1641520.4895578,2018
5060562440,1342991.41946653,2019
5060564009,0.0,2014
5060564009,0.0,2015
5060564009,0.0,2016
5060564009,0.0,2017
5060564009,0.0,2018
5060564009,0.0,2019
5060564009,0.0,2020
5060565636,0.0,2014
5060565636,0.0,2015
5060565636,0.0,2016
5060565636,0.0,2017
5060565636,0.0,2018
5060565636,0.0,2019
5060578287,0.0,2015
5060578287,0.0,2016
5060578287,461416.575569867,2017
5060578287,0.0,2018
5060578287,472597.901179792,2019
5060580505,371815.667522442,2014
5060580505,309380.8947858,2015
5060580505,652015.053102595,2016
5060580505,750720.418602485,2017
5060580505,862081.10816603,2018
5060580505,891877.337176003,2019
5060580505,726873.935323673,2020
5060581545,2585837.9000726,2014
5060581545,2523648.17470313,2015
5060581545,2852610.54854025,2016
5060581545,2707510.30790382,2017
5060581545,831459.396905924,2018
5060582849,0.0,2016
5060582849,4354759.72455666,2017
5060582849,6128400.55110382,2018
5060582849,6876361.75763781,2019
5060582849,6439900.41686105,2020
5060596375,1232753.57232933,2014
5060596375,1793762.83352908,2015
5060596375,1432383.27970025,2016
5060596375,1153268.35721108,2017
5060596375,1318578.26558576,2018
5060596375,979006.279948203,2019
5060596375,854650.160491356,2020
5060601053,56274154.9008263,2014
5060601053,48405133.8294111,2015
5060601053,42460825.5978201,2016
5060601053,42236850.1572667,2017
5060601053,45593146.6325427,2018
5060601053,43832448.8721671,2019
5060601053,42108308.5827942,2020
5060672849,342847.152330197,2014
5060672849,821121.008820809,2015
5060672849,876901.254017345,2016
5060672849,887567.341173998,2017
5060672849,1038309.67136174,2018
5060672849,1154970.34583409,2019
5060672849,1141026.75863429,2020
5060673487,1841369.45574803,2015
5060673487,2312025.59499001,2016
5060673487,2568362.41937756,2017
5060673487,2380253.90136284,2018
5060673487,2347135.42311272,2019
5060673487,2202593.34385461,2020
5060673603,0.0,2014
5060673603,693217.055130737,2015
5060673603,771787.513049243,2016
5060673603,771792.422609072,2017
5060673603,799730.876805092,2018
5060673603,813279.296111264,2019
5060673603,845904.208518276,2020
5060673852,504530.756101069,2015
5060673852,613640.195288843,2016
5060673852,619807.566124781,2017
5060673852,682901.054728383,2018
5060673852,581807.496448827,2019
5060673852,616696.272053042,2020
5060879398,1989272.58087204,2019
5060879561,37645293.5522035,2018
5060879561,43797261.5816097,2019
5060880848,12930241.3874223,2018
5060880848,14322414.0743112,2019
5060880903,4719618.07489386,2018
5060880903,4863884.01809089,2019
5060880903,5848208.10849774,2020
5060881311,55128.8261505214,2018
5060882806,178188.462986329,2019
5060882952,844098.333329475,2018
5060882952,858436.219865662,2019
5060882952,719707.417488866,2020
5060884188,258223.520363646,2020
5081872610,3209668.07651186,2019
5081872610,3440539.03990842,2020
5081872666,7478547.57483802,2019
5081872666,8644164.83909975,2020
5081872770,614908.230511603,2020
5081872789,697454.541936725,2019
5081872789,705631.705411922,2020
5081872797,181642.95360652,2017
5081872797,471352.481815059,2018
5081872930,81467.2114853961,2015
5081872930,87846.0277227966,2016
5081872930,100881.963466025,2017
5081872930,154724.124902344,2018
5081873008,3596972.11658852,2019
5081873008,3921100.50729983,2020
5081873012,447405.138447778,2018
5081873012,1554936.13512256,2019
5081873262,223572.799223135,2017
5081873262,468090.299718777,2018
5081873380,110390.521572052,2019
5081873380,101557.902334448,2020
5081873408,136612.696417436,2016
5081873408,482773.28097011,2017
5081873408,660499.255112249,2018
5081873408,837501.238417238,2019
5081873408,940939.391876494,2020
5081873460,1439178.81160107,2020
5081873473,20903.4341162668,2017
5081873473,70296.2312954111,2018
5081873473,5301.11192218176,2019
5081873485,2118169.35627666,2020
5081873493,112356.353591005,2018
5081873493,231258.159038672,2019
5081873493,1303761.63827154,2020
5081873548,1576144.19832019,2019
5081873548,1849460.08732345,2020
5081873554,821936.748352171,2019
5081873554,993938.33347857,2020
5081873623,455608.743095581,2019
5081873623,493074.000245314,2020
5081873642,9486861.57150214,2019
5081873642,10643474.7026223,2020
5081873650,1574911.30032988,2019
5081873650,1866217.90450261,2020
5081873714,784553.194414464,2018
5081873714,925144.811442851,2019
5081873731,4879140.53967133,2019
5081873731,5477394.22643528,2020
5081873776,1238040.78883134,2019
5081873776,2153740.99164722,2020
5081873784,620487.009968569,2019
5081873784,688310.848045035,2020
5081873787,1771136.65765791,2020
5081873853,383875.367398816,2019
5081873853,346712.956291561,2020
5081873854,1450352.31504278,2019
5081873854,1015133.34525919,2020
5081873882,1066236.58736697,2018
5081873882,1323807.12828283,2019
5081873882,1646924.276533,2020
5081873923,1378095.32139932,2017
5081873923,2387777.16423019,2018
5081873923,2772266.58006455,2019
5081873923,2351826.1698878,2020
5081873949,144623.62524359,2020
5081873971,693118.487358523,2019
5081873971,929353.373465552,2020
5081873999,422082.783660388,2019
5081873999,265855.192736393,2020
5081874069,296469.3197775,2020
5081874093,1051772.92132735,2020
5081874111,84901.1598347499,2016
5081874111,128356.419573547,2017
5081874111,38490.1328473889,2018
5081874111,29677.7004181524,2019
5081874930,668909.169714052,2020
5081874975,205586.0598406,2018
5081874975,200473.701337057,2019
5081874975,226302.378320972,2020
5081875057,147755.621170583,2021
5081875146,91199.5114361919,2017
5081875146,153834.6604971,2018
5081875149,658022.939151267,2018
5081875149,631899.399936933,2019
5081875149,879705.088000012,2020
5081875168,356914.078448551,2018
5081875168,178539.570402382,2019
5081875168,481798.635882749,2020
5081875177,1624487.02192417,2019
5081875177,1498077.63842745,2020
5081875265,906149.098304547,2018
5081875265,1458168.48253613,2019
5081875265,1486698.9086931,2020
5081875555,2229761.28059985,2020
5081875659,182961.548575454,2020
5081875695,2263863.46561113,2020
5081875701,245699.657765894,2017
5081875701,515481.946042825,2018
5081875706,312523.95200363,2019
5081875706,306432.650718466,2020
5081875746,907055.790414047,2018
5081875746,1229407.21904097,2019
5081875746,1916786.84484059,2020
5081875770,337261.877723607,2017
5081875770,538095.203364573,2018
5081875906,85889.3247481665,2017
5081875906,92107.3811937974,2018
5081875906,93258.8149341186,2019
5081875906,123950.778475568,2020
5081875964,218317.16312073,2018
5081875964,420689.190561615,2019
5081875964,182796.376623562,2020
5081875994,0.0,2017
5081875994,1508480.31126117,2018
5081875994,2234867.41716421,2019
5081875994,2517650.5153226,2020
5081876005,1371543.32107703,2017
5081876005,3015046.6529707,2018
5081876005,3615746.65875248,2019
5081876005,2230106.23861222,2020
5081876007,706290.805190954,2020
5081876026,492988.258237367,2017
5081876026,407585.111823687,2018
5081876026,263383.062373568,2019
5081876026,258931.289815517,2020
5081876081,1391175.50120385,2020
5081876118,267584.549866405,2020
5081876123,4645046.54497614,2020
5081876208,783308.541154564,2019
5081876208,800662.455496856,2020
5081876228,3398813.59882258,2019
5081876228,3806178.84211005,2020
5081876236,2153310.31195774,2019
5081876236,6340068.12536216,2020
5081876252,11246196.0652253,2019
5081876252,11390906.9086966,2020
5081876300,1622465.62578585,2020
5081876338,670844.666989063,2019
5081876338,210385.92753284,2020
5081876407,1604039.33750976,2020
5081876480,2718850.34573067,2020
5081876491,2928391.02087324,2020
5081876517,240109.451099527,2017
5081876517,509687.9893739,2018
5081876517,397893.672361349,2019
5081876517,472892.383354349,2020
5081876525,1363878.7436926,2020
5081876571,1497417.9038717,2018
5081876571,1930794.17251123,2019
5081876571,2555440.10513956,2020
5081876575,914736.629318302,2018
5081876575,1494484.64997135,2019
5081876575,1249291.18781758,2020
5081876646,222473.261897313,2017
5081876646,226876.853356345,2018
5081876646,192316.373460428,2019
5081876646,242687.223645357,2020
5081876673,1009298.31783775,2020
5081876679,995116.581973979,2019
5081876679,1383297.11755353,2020
5081876697,2027155.94555829,2019
5081876697,1930935.65087597,2020
5081876722,363.991216081461,2018
5081876722,0.0,2019
5081876725,13605637.7528248,2019
5081876725,13957543.8794856,2020
5081876771,4963978.5662784,2019
5081876771,5036274.67301949,2020
5081876842,4929542.67332874,2018
5081876842,9812626.42789382,2019
5081876842,7741798.77243206,2020
5081876891,622182.532429483,2019
5081876891,149562.103556235,2020
5081876894,14102.7304697114,2018
5081876894,18375.3007951836,2019
5081876894,6295.64316552012,2020
5081876907,855929.757099073,2018
5081876907,3741694.19879609,2019
5081876907,6030275.62322749,2020
5081876920,623022.100719434,2018
5081876920,650579.338289146,2019
5081876920,841980.783989311,2020
5081876931,563407.614799722,2018
5081876931,642829.221710158,2019
5081877039,1775103.3661112,2020
5081877085,405377.225922743,2019
5081877085,525725.783596827,2020
5081877088,687075.715966756,2020
5081877103,610888.244974788,2020
5081877123,155842.675346248,2019
5081877123,342097.755580325,2020
5081877211,13214.601002253,2018
5081877211,189381.74014205,2019
5081877211,356761.777517344,2020
5081877224,582449.759231022,2017
5081877224,633272.032395759,2018
5081877224,650970.820232781,2019
5081877224,621479.372000747,2020
5081877319,718966.947986177,2019
5081877319,1057573.49956936,2020
5081877468,261319.645556037,2019
5081877468,294353.163904682,2020
5081877475,224912.738709165,2020
5081877651,95086.8524984242,2019
5081877651,93101.0618814244,2020
5081877715,4480230.80190574,2019
5081877715,5203677.52731012,2020
5081877946,2704545.90780359,2020
5081878089,729501.202801605,2018
5081878089,798033.204690886,2019
5081878089,761160.475828026,2020
5081878125,646291.919523087,2019
5081878125,736674.573831845,2020
5081878367,752864.326029259,2020
5081878468,562259.633480718,2020
5081878689,171996.870584857,2019
5081878852,612574.611411787,2020
5081878852,853868.225786361,2021
5081878907,1237112.40811021,2019
5081878907,1073599.08018794,2020
5081878949,258315.426579079,2019
5081878949,293173.708786207,2020
5081878962,22495.2445143781,2019
5081878962,27360.1351356247,2020
5081879146,8275454.48749957,2019
5081879146,8935942.03814001,2020
5081879194,37943.6258787826,2019
5081879194,106967.465490512,2020
5081879226,2543723.85734899,2020
5081879257,114525.59492443,2019
5081879257,322800.642559267,2020
5081879292,55039.2667842758,2019
5081879292,58428.013731152,2020
5081879455,7841740.14082698,2019
5081879455,5769404.91832138,2020
5081879755,2097680.88981222,2019
5081879755,2157716.81810179,2020
5081880452,917276.507761095,2019
5081880452,1043156.75405634,2020
5081880800,474142.451392988,2020
5081881014,232297.63245737,2019
5081881014,431357.383229537,2020
5081881015,332112.660381194,2017
5081881015,448646.312095494,2018
5081881015,681602.795908092,2019
5081881015,760297.493566228,2020
5081881023,3460926.8957664,2019
5081881023,4472684.57054955,2020
5081881354,354003.714185114,2020
5081881882,870557.96466218,2020
5081881979,2926823.77088497,2020
5081882923,367980.288759933,2020
5081882948,781051.214296545,2020
5081883014,13306832.2990098,2020
5081883262,2642015.75226152,2020
5081883757,442539.711993492,2019
5081883757,657766.237589954,2020
5081884240,305317.343159971,2019
5081884240,507824.241092007,2020
5081884263,311649.212787351,2019
5081884263,296254.268443776,2020
5081884946,71736.0795956591,2019
5081884946,149806.139382967,2020
5081885004,27708.5798191643,2019
5081885004,46878.2643633641,2020
5081885250,417074.794311766,2019
5081885250,571382.793722723,2020
5081885321,3146371.48398861,2019
5081885321,3276318.70435022,2020
5081885322,173439.71207207,2019
5081885418,1623525.87393512,2019
5081885418,1518692.86523604,2020
5082055255,1012023.32519669,2017
5082055255,2506041.05703912,2018
5082055255,3893124.26838018,2019
5082055255,4794926.3221764,2020
